   Runnr	   Alpha	      Cd	      Cl	      Cm	      Cn	      Ct	Cd-press	Cl-press	      Re	       M	       Q	       V	  Z_w.r.	    Flap	 Cn-corr	 Ct-corr	 Cm-corr
       /	 degrees	       /	       /	       /	       /	       /	       /	       /	       /	       /	      Pa	     m/s	      mm	 degrees	       /	       /	       /
       1	 -10.059	0.145726	 -0.2829	 -0.0014	 -0.3040	0.094069	     NaN	     NaN	9.946E+5	   0.084	  511.25	   29.16	   78.69	   0.000		     NaN	     NaN	     NaN	
       2	  -9.058	0.130652	 -0.2655	 -0.0013	 -0.2828	0.087222	     NaN	     NaN	9.962E+5	   0.085	  513.05	   29.21	   81.40	   0.000		     NaN	     NaN	     NaN	
       3	  -8.048	0.117603	 -0.2513	 -0.0012	 -0.2653	0.081257	     NaN	     NaN	9.977E+5	   0.085	  514.66	   29.26	   78.72	   0.000		     NaN	     NaN	     NaN	
       4	  -7.048	0.108155	 -0.2368	 -0.0011	 -0.2483	0.078280	     NaN	     NaN	9.994E+5	   0.085	  516.46	   29.31	   81.39	   0.000		     NaN	     NaN	     NaN	
       5	  -6.040	0.095759	 -0.2187	 -0.0011	 -0.2276	0.072215	     NaN	     NaN	1.001E+6	   0.085	  517.79	   29.35	   78.63	   0.000		     NaN	     NaN	     NaN	
       6	  -5.035	0.085009	 -0.1984	 -0.0010	 -0.2051	0.067266	     NaN	     NaN	1.002E+6	   0.085	  519.49	   29.40	   81.06	   0.000		     NaN	     NaN	     NaN	
       7	  -4.028	0.076391	 -0.1697	 -0.0008	 -0.1747	0.064280	     NaN	     NaN	1.004E+6	   0.085	  521.16	   29.44	   78.91	   0.000		     NaN	     NaN	     NaN	
       8	  -3.023	0.067510	 -0.1275	 -0.0006	 -0.1309	0.060690	     NaN	     NaN	1.005E+6	   0.085	  522.95	   29.49	   81.31	   0.000		     NaN	     NaN	     NaN	
       9	  -2.009	0.058606	 -0.0560	 -0.0003	 -0.0580	0.056609	     NaN	     NaN	1.007E+6	   0.086	  524.72	   29.55	   78.60	   0.000		     NaN	     NaN	     NaN	
      10	  -0.983	0.050762	  0.0549	  0.0003	  0.0540	0.051696	     NaN	     NaN	1.009E+6	   0.086	  526.41	   29.59	   81.42	   0.000		     NaN	     NaN	     NaN	
      11	   0.033	0.042746	  0.1875	  0.0009	  0.1875	0.042636	     NaN	     NaN	1.010E+6	   0.086	  527.53	   29.63	   78.87	   0.000		     NaN	     NaN	     NaN	
      12	   1.064	0.035558	  0.3340	  0.0016	  0.3346	0.029349	     NaN	     NaN	1.010E+6	   0.086	  528.16	   29.64	   81.30	   0.000		     NaN	     NaN	     NaN	
      13	   2.096	0.032505	  0.4758	  0.0023	  0.4767	0.015084	     NaN	     NaN	1.011E+6	   0.086	  528.69	   29.66	   78.68	   0.000		     NaN	     NaN	     NaN	
      14	   3.121	0.030666	  0.6039	  0.0029	  0.6046	-0.002254	     NaN	     NaN	1.011E+6	   0.086	  528.74	   29.66	   81.40	   0.000		     NaN	     NaN	     NaN	
      15	   4.137	0.028494	  0.7234	  0.0035	  0.7236	-0.023769	     NaN	     NaN	1.011E+6	   0.086	  528.75	   29.66	   78.67	   0.000		     NaN	     NaN	     NaN	
      16	   5.166	0.027311	  0.8336	  0.0040	  0.8327	-0.047859	     NaN	     NaN	1.011E+6	   0.086	  528.72	   29.66	   81.05	   0.000		     NaN	     NaN	     NaN	
      17	   6.179	0.027254	  0.9399	  0.0045	  0.9374	-0.074074	     NaN	     NaN	1.010E+6	   0.086	  528.32	   29.65	   78.59	   0.000		     NaN	     NaN	     NaN	
      18	   7.203	0.027685	  1.0399	  0.0050	  1.0352	-0.102921	     NaN	     NaN	1.010E+6	   0.086	  527.79	   29.64	   81.03	   0.000		     NaN	     NaN	     NaN	
      19	   8.224	0.029891	  1.1353	  0.0054	  1.1279	-0.132809	     NaN	     NaN	1.009E+6	   0.086	  527.39	   29.62	   78.65	   0.000		     NaN	     NaN	     NaN	
      20	   9.228	0.026743	  1.2219	  0.0058	  1.2104	-0.169569	     NaN	     NaN	1.008E+6	   0.086	  526.45	   29.60	   81.09	   0.000		     NaN	     NaN	     NaN	
      21	  10.251	0.028345	  1.2995	  0.0062	  1.2838	-0.203379	     NaN	     NaN	1.007E+6	   0.086	  525.51	   29.57	   78.62	   0.000		     NaN	     NaN	     NaN	
      22	  11.265	0.032088	  1.3686	  0.0065	  1.3485	-0.235893	     NaN	     NaN	1.006E+6	   0.085	  524.45	   29.54	   81.16	   0.000		     NaN	     NaN	     NaN	
      23	  11.462	0.033101	  1.3796	  0.0066	  1.3586	-0.241704	     NaN	     NaN	1.006E+6	   0.085	  524.06	   29.53	   78.66	   0.000		     NaN	     NaN	     NaN	
      24	  11.669	0.034499	  1.3895	  0.0067	  1.3678	-0.247263	     NaN	     NaN	1.006E+6	   0.085	  523.80	   29.53	   81.33	   0.000		     NaN	     NaN	     NaN	
      25	  11.869	0.036229	  1.3992	  0.0067	  1.3768	-0.252330	     NaN	     NaN	1.005E+6	   0.085	  523.50	   29.52	   78.91	   0.000		     NaN	     NaN	     NaN	
      26	  12.001	0.186422	  1.0255	  0.0050	  1.0419	-0.030884	     NaN	     NaN	9.974E+5	   0.085	  515.30	   29.29	   81.40	   0.000		     NaN	     NaN	     NaN	Wake not in center of rake!; 
      27	  12.196	0.209123	  1.0053	  0.0050	  1.0267	-0.007960	     NaN	     NaN	9.959E+5	   0.085	  513.69	   29.25	   78.82	   0.000		     NaN	     NaN	     NaN	Wake not in center of rake!; 
      28	  12.392	0.220537	  0.9954	  0.0049	  1.0196	0.001774	     NaN	     NaN	9.960E+5	   0.085	  513.88	   29.25	   81.35	   0.000		     NaN	     NaN	     NaN	Wake not in center of rake!; 
      29	  12.590	0.218826	  0.9943	  0.0049	  1.0181	-0.003171	     NaN	     NaN	9.948E+5	   0.085	  512.64	   29.22	   78.70	   0.000		     NaN	     NaN	     NaN	Wake not in center of rake!; 
      30	  12.790	0.006772	  1.0017	  0.0048	  0.9784	-0.215152	     NaN	     NaN	9.906E+5	   0.084	  508.57	   29.09	  120.00	   0.000		     NaN	     NaN	     NaN	
      31	  12.996	0.008099	  1.0066	  0.0048	  0.9827	-0.218479	     NaN	     NaN	9.899E+5	   0.084	  507.90	   29.08	  120.00	   0.000		     NaN	     NaN	     NaN	
      32	  13.196	0.007007	  1.0008	  0.0048	  0.9760	-0.221657	     NaN	     NaN	9.890E+5	   0.084	  506.99	   29.05	  120.00	   0.000		     NaN	     NaN	     NaN	
      33	  13.384	0.008045	  1.0026	  0.0048	  0.9772	-0.224252	     NaN	     NaN	9.880E+5	   0.084	  505.90	   29.02	  120.00	   0.000		     NaN	     NaN	     NaN	
      34	  13.595	0.007828	  0.9963	  0.0047	  0.9702	-0.226576	     NaN	     NaN	9.872E+5	   0.084	  505.12	   29.00	  120.00	   0.000		     NaN	     NaN	     NaN	
      35	  13.797	0.008847	  0.9968	  0.0048	  0.9702	-0.229127	     NaN	     NaN	9.864E+5	   0.084	  504.33	   28.97	  120.00	   0.000		     NaN	     NaN	     NaN	
      36	  13.990	0.006467	  0.9923	  0.0047	  0.9644	-0.233611	     NaN	     NaN	9.855E+5	   0.084	  503.47	   28.95	  120.00	   0.000		     NaN	     NaN	     NaN	
      37	  14.196	0.006547	  0.9958	  0.0047	  0.9670	-0.237877	     NaN	     NaN	9.846E+5	   0.084	  502.57	   28.92	  120.00	   0.000		     NaN	     NaN	     NaN	
      38	  14.384	0.006084	  0.9967	  0.0048	  0.9670	-0.241707	     NaN	     NaN	1.003E+6	   0.085	  521.10	   29.45	  120.00	   0.000		     NaN	     NaN	     NaN	
      39	  14.591	0.006720	  0.9915	  0.0047	  0.9613	-0.243291	     NaN	     NaN	1.002E+6	   0.085	  520.55	   29.44	  120.00	   0.000		     NaN	     NaN	     NaN	
      40	  14.783	0.005882	  0.9957	  0.0047	  0.9643	-0.248386	     NaN	     NaN	1.001E+6	   0.085	  519.17	   29.40	  120.00	   0.000		     NaN	     NaN	     NaN	
      41	  14.991	0.007192	  0.9935	  0.0047	  0.9616	-0.250047	     NaN	     NaN	9.999E+5	   0.085	  518.29	   29.37	  120.00	   0.000		     NaN	     NaN	     NaN	
      42	  15.191	0.005223	  0.9856	  0.0047	  0.9525	-0.253231	     NaN	     NaN	9.994E+5	   0.085	  517.82	   29.36	  120.00	   0.000		     NaN	     NaN	     NaN	
      43	  16.188	0.003327	  0.9810	  0.0047	  0.9431	-0.270300	     NaN	     NaN	9.943E+5	   0.084	  512.55	   29.21	  120.00	   0.000		     NaN	     NaN	     NaN	
      44	  17.186	0.000367	  0.9848	  0.0047	  0.9410	-0.290635	     NaN	     NaN	9.883E+5	   0.084	  506.34	   29.03	  120.00	   0.000		     NaN	     NaN	     NaN	
      45	  18.200	0.000263	  1.0159	  0.0048	  0.9651	-0.317033	     NaN	     NaN	1.000E+6	   0.085	  518.86	   29.39	  120.00	   0.000		     NaN	     NaN	     NaN	
      46	  19.199	0.002076	  1.0261	  0.0049	  0.9697	-0.335462	     NaN	     NaN	9.950E+5	   0.085	  513.36	   29.23	  120.00	   0.000		     NaN	     NaN	     NaN	
      47	  20.204	0.000738	  1.0871	  0.0052	  1.0204	-0.374739	     NaN	     NaN	9.894E+5	   0.084	  507.63	   29.07	  120.00	   0.000		     NaN	     NaN	     NaN	
      48	  21.209	0.001007	  1.1288	  0.0054	  1.0527	-0.407426	     NaN	     NaN	1.002E+6	   0.085	  520.59	   29.44	  120.00	   0.000		     NaN	     NaN	     NaN	
      49	  22.224	0.002221	  1.1823	  0.0056	  1.0954	-0.445139	     NaN	     NaN	9.958E+5	   0.085	  514.22	   29.26	  120.00	   0.000		     NaN	     NaN	     NaN	
      50	  23.231	0.002500	  1.1941	  0.0057	  1.0983	-0.468709	     NaN	     NaN	9.915E+5	   0.084	  509.85	   29.14	  120.00	   0.000		     NaN	     NaN	     NaN	
