   Runnr	   Alpha	      Cd	      Cl	      Cm	      Cn	      Ct	Cd-press	Cl-press	      Re	       M	       Q	       V	  Z_w.r.	    Flap	 Cn-corr	 Ct-corr	 Cm-corr
       /	 degrees	       /	       /	       /	       /	       /	       /	       /	       /	       /	      Pa	     m/s	      mm	 degrees	       /	       /	       /
       1	 -10.055	0.143024	 -0.2809	 -0.0014	 -0.3016	0.091775	     NaN	     NaN	5.174E+5	   0.044	  137.79	   15.12	   81.13	   0.000		     NaN	     NaN	     NaN	
       2	  -9.054	0.123774	 -0.2611	 -0.0013	 -0.2773	0.081139	     NaN	     NaN	4.850E+5	   0.041	  121.08	   14.18	   78.73	   0.000		     NaN	     NaN	     NaN	
       3	  -8.050	0.116252	 -0.2463	 -0.0012	 -0.2601	0.080616	     NaN	     NaN	5.118E+5	   0.043	  134.79	   14.96	   81.08	   0.000		     NaN	     NaN	     NaN	
       4	  -7.046	0.107257	 -0.2272	 -0.0011	 -0.2386	0.078578	     NaN	     NaN	4.942E+5	   0.042	  125.67	   14.44	   78.92	   0.000		     NaN	     NaN	     NaN	
       5	  -6.038	0.095619	 -0.2097	 -0.0010	 -0.2186	0.073034	     NaN	     NaN	4.950E+5	   0.042	  126.10	   14.47	   81.32	   0.000		     NaN	     NaN	     NaN	
       6	  -5.029	0.083077	 -0.1895	 -0.0009	 -0.1960	0.066146	     NaN	     NaN	4.957E+5	   0.042	  126.45	   14.49	   78.54	   0.000		     NaN	     NaN	     NaN	
       7	  -4.035	0.073414	 -0.1646	 -0.0008	 -0.1693	0.061651	     NaN	     NaN	4.964E+5	   0.042	  126.81	   14.51	   81.33	   0.000		     NaN	     NaN	     NaN	
       8	  -3.023	0.064188	 -0.1273	 -0.0006	 -0.1305	0.057384	     NaN	     NaN	4.971E+5	   0.042	  127.16	   14.53	   78.87	   0.000		     NaN	     NaN	     NaN	
       9	  -2.011	0.057234	 -0.0674	 -0.0003	 -0.0694	0.054834	     NaN	     NaN	4.980E+5	   0.042	  127.59	   14.55	   81.40	   0.000		     NaN	     NaN	     NaN	
      10	  -0.990	0.049372	  0.0379	  0.0002	  0.0370	0.050019	     NaN	     NaN	4.987E+5	   0.042	  127.95	   14.57	   78.55	   0.000		     NaN	     NaN	     NaN	
      11	   0.042	0.040624	  0.1825	  0.0009	  0.1826	0.040491	     NaN	     NaN	4.992E+5	   0.042	  128.23	   14.59	   81.13	   0.000		     NaN	     NaN	     NaN	
      12	   1.071	0.035213	  0.3343	  0.0016	  0.3349	0.028957	     NaN	     NaN	4.995E+5	   0.042	  128.34	   14.59	   78.86	   0.000		     NaN	     NaN	     NaN	
      13	   2.088	0.031707	  0.4771	  0.0023	  0.4779	0.014300	     NaN	     NaN	4.996E+5	   0.042	  128.41	   14.60	   81.38	   0.000		     NaN	     NaN	     NaN	
      14	   3.114	0.030054	  0.6096	  0.0029	  0.6103	-0.003106	     NaN	     NaN	4.997E+5	   0.042	  128.43	   14.60	   78.78	   0.000		     NaN	     NaN	     NaN	
      15	   4.145	0.028906	  0.7300	  0.0035	  0.7301	-0.023931	     NaN	     NaN	4.996E+5	   0.042	  128.40	   14.60	   81.41	   0.000		     NaN	     NaN	     NaN	
      16	   5.157	0.028056	  0.8464	  0.0040	  0.8455	-0.048137	     NaN	     NaN	4.995E+5	   0.042	  128.33	   14.59	   78.57	   0.000		     NaN	     NaN	     NaN	
      17	   6.189	0.027808	  0.9542	  0.0045	  0.9516	-0.075221	     NaN	     NaN	4.992E+5	   0.042	  128.21	   14.59	   81.09	   0.000		     NaN	     NaN	     NaN	
      18	   7.198	0.028299	  1.0554	  0.0050	  1.0507	-0.104173	     NaN	     NaN	4.990E+5	   0.042	  128.09	   14.58	   78.56	   0.000		     NaN	     NaN	     NaN	
      19	   8.224	0.028490	  1.1494	  0.0055	  1.1417	-0.136224	     NaN	     NaN	4.988E+5	   0.042	  127.96	   14.57	   81.08	   0.000		     NaN	     NaN	     NaN	
      20	   9.238	0.028995	  1.2365	  0.0059	  1.2251	-0.169879	     NaN	     NaN	4.985E+5	   0.042	  127.79	   14.56	   78.53	   0.000		     NaN	     NaN	     NaN	
      21	  10.250	0.029835	  1.3164	  0.0063	  1.3007	-0.204884	     NaN	     NaN	4.983E+5	   0.042	  127.72	   14.56	   81.51	   0.000		     NaN	     NaN	     NaN	
      22	  11.273	0.032628	  1.3921	  0.0066	  1.3716	-0.240125	     NaN	     NaN	4.980E+5	   0.042	  127.54	   14.55	   78.66	   0.000		     NaN	     NaN	     NaN	
      23	  11.463	0.032881	  1.4056	  0.0067	  1.3841	-0.247115	     NaN	     NaN	4.978E+5	   0.042	  127.47	   14.54	   81.34	   0.000		     NaN	     NaN	     NaN	
      24	  11.667	0.033125	  1.4194	  0.0068	  1.3967	-0.254579	     NaN	     NaN	4.976E+5	   0.042	  127.36	   14.54	   78.88	   0.000		     NaN	     NaN	     NaN	
      25	  11.867	0.033205	  1.4336	  0.0068	  1.4098	-0.262317	     NaN	     NaN	4.974E+5	   0.042	  127.26	   14.53	   81.13	   0.000		     NaN	     NaN	     NaN	
      26	  12.072	0.033737	  1.4481	  0.0069	  1.4231	-0.269865	     NaN	     NaN	4.974E+5	   0.042	  127.26	   14.53	   78.68	   0.000		     NaN	     NaN	     NaN	
      27	  12.283	0.033916	  1.4605	  0.0070	  1.4343	-0.277565	     NaN	     NaN	4.973E+5	   0.042	  127.19	   14.53	   81.20	   0.000		     NaN	     NaN	     NaN	
      28	  12.480	0.034876	  1.4739	  0.0070	  1.4466	-0.284462	     NaN	     NaN	4.972E+5	   0.042	  127.13	   14.53	   78.95	   0.000		     NaN	     NaN	     NaN	
      29	  12.687	0.035703	  1.4840	  0.0071	  1.4556	-0.291086	     NaN	     NaN	4.972E+5	   0.042	  127.15	   14.53	   81.42	   0.000		     NaN	     NaN	     NaN	
      30	  12.880	0.036637	  1.4959	  0.0071	  1.4665	-0.297751	     NaN	     NaN	4.971E+5	   0.042	  127.09	   14.52	   78.79	   0.000		     NaN	     NaN	     NaN	
      31	  13.087	0.037032	  1.5050	  0.0072	  1.4743	-0.304708	     NaN	     NaN	4.969E+5	   0.042	  126.99	   14.52	   81.12	   0.000		     NaN	     NaN	     NaN	
      32	  13.288	0.038254	  1.5171	  0.0072	  1.4853	-0.311462	     NaN	     NaN	4.968E+5	   0.042	  126.93	   14.51	   78.94	   0.000		     NaN	     NaN	     NaN	
      33	  13.487	0.039228	  1.5258	  0.0073	  1.4929	-0.317723	     NaN	     NaN	4.968E+5	   0.042	  126.91	   14.51	   81.04	   0.000		     NaN	     NaN	     NaN	
      34	  13.691	0.040125	  1.5346	  0.0073	  1.5005	-0.324215	     NaN	     NaN	4.966E+5	   0.042	  126.82	   14.51	   78.71	   0.000		     NaN	     NaN	     NaN	
      35	  13.890	0.041430	  1.5421	  0.0074	  1.5069	-0.329976	     NaN	     NaN	4.966E+5	   0.042	  126.80	   14.51	   81.35	   0.000		     NaN	     NaN	     NaN	
      36	  14.097	0.042331	  1.5502	  0.0074	  1.5139	-0.336525	     NaN	     NaN	4.964E+5	   0.042	  126.71	   14.50	   78.77	   0.000		     NaN	     NaN	     NaN	
      37	  14.303	0.043758	  1.5547	  0.0074	  1.5173	-0.341691	     NaN	     NaN	4.963E+5	   0.042	  126.66	   14.50	   80.89	   0.000		     NaN	     NaN	     NaN	
      38	  14.492	0.044653	  1.5631	  0.0075	  1.5245	-0.347913	     NaN	     NaN	4.962E+5	   0.042	  126.61	   14.49	   78.78	   0.000		     NaN	     NaN	     NaN	
      39	  14.705	0.046736	  1.5666	  0.0075	  1.5271	-0.352458	     NaN	     NaN	4.961E+5	   0.042	  126.57	   14.49	   81.08	   0.000		     NaN	     NaN	     NaN	
      40	  14.893	0.048614	  1.5708	  0.0075	  1.5305	-0.356739	     NaN	     NaN	4.960E+5	   0.042	  126.51	   14.49	   78.83	   0.000		     NaN	     NaN	     NaN	
      41	  15.103	0.052586	  1.5730	  0.0075	  1.5323	-0.359062	     NaN	     NaN	4.960E+5	   0.042	  126.49	   14.49	   81.16	   0.000		     NaN	     NaN	     NaN	
      42	  15.308	0.056372	  1.5738	  0.0075	  1.5329	-0.361133	     NaN	     NaN	4.958E+5	   0.042	  126.40	   14.48	   78.98	   0.000		     NaN	     NaN	     NaN	
      43	  16.167	0.393474	  0.8309	  0.0042	  0.9076	0.146562	     NaN	     NaN	4.807E+5	   0.041	  118.69	   14.04	   81.42	   0.000		     NaN	     NaN	     NaN	Wake not in center of rake!; 
      44	  17.162	0.005993	  0.9008	  0.0043	  0.8625	-0.260080	     NaN	     NaN	5.066E+5	   0.043	  131.98	   14.80	   40.00	   0.000		     NaN	     NaN	     NaN	
      45	  18.175	0.001811	  0.9054	  0.0043	  0.8608	-0.280678	     NaN	     NaN	5.062E+5	   0.043	  131.77	   14.79	   40.00	   0.000		     NaN	     NaN	     NaN	
      46	  19.183	0.006871	  0.9650	  0.0046	  0.9137	-0.310603	     NaN	     NaN	5.033E+5	   0.043	  130.23	   14.70	   40.00	   0.000		     NaN	     NaN	     NaN	
      47	  20.193	0.006551	  0.9933	  0.0047	  0.9345	-0.336707	     NaN	     NaN	4.997E+5	   0.042	  128.39	   14.60	   40.00	   0.000		     NaN	     NaN	     NaN	
      48	  21.205	0.007616	  1.0699	  0.0051	  1.0002	-0.379877	     NaN	     NaN	4.954E+5	   0.042	  126.20	   14.47	   40.00	   0.000		     NaN	     NaN	     NaN	
      49	  22.199	0.008816	  1.0731	  0.0051	  0.9968	-0.397268	     NaN	     NaN	4.929E+5	   0.042	  124.91	   14.40	   40.00	   0.000		     NaN	     NaN	     NaN	
      50	  23.206	0.025401	  1.0427	  0.0050	  0.9684	-0.387520	     NaN	     NaN	5.107E+5	   0.043	  134.13	   14.92	   40.00	   0.000		     NaN	     NaN	     NaN	
