   Runnr	   Alpha	      Cd	      Cl	      Cm	      Cn	      Ct	Cd-press	Cl-press	      Re	       M	       Q	       V	  Z_w.r.	    Flap	 Cn-corr	 Ct-corr	 Cm-corr
       /	 degrees	       /	       /	       /	       /	       /	       /	       /	       /	       /	      Pa	     m/s	      mm	 degrees	       /	       /	       /
       1	 -10.052	0.144438	 -0.2830	 -0.0014	 -0.3038	0.092829	     NaN	     NaN	9.948E+5	   0.084	  508.78	   29.06	   81.02	   0.000		     NaN	     NaN	     NaN	
       2	  -9.051	0.129588	 -0.2656	 -0.0013	 -0.2827	0.086187	     NaN	     NaN	9.965E+5	   0.084	  510.71	   29.12	   78.84	   0.000		     NaN	     NaN	     NaN	
       3	  -8.044	0.117225	 -0.2510	 -0.0012	 -0.2649	0.080953	     NaN	     NaN	9.981E+5	   0.085	  512.57	   29.17	   81.08	   0.000		     NaN	     NaN	     NaN	
       4	  -7.048	0.107432	 -0.2376	 -0.0012	 -0.2490	0.077468	     NaN	     NaN	9.998E+5	   0.085	  514.48	   29.23	   78.73	   0.000		     NaN	     NaN	     NaN	
       5	  -6.040	0.097385	 -0.2197	 -0.0011	 -0.2287	0.073728	     NaN	     NaN	1.001E+6	   0.085	  516.35	   29.28	   81.32	   0.000		     NaN	     NaN	     NaN	
       6	  -5.031	0.085169	 -0.1990	 -0.0010	 -0.2057	0.067384	     NaN	     NaN	1.003E+6	   0.085	  517.98	   29.33	   78.66	   0.000		     NaN	     NaN	     NaN	
       7	  -4.029	0.075850	 -0.1712	 -0.0008	 -0.1761	0.063637	     NaN	     NaN	1.005E+6	   0.085	  519.74	   29.38	   81.31	   0.000		     NaN	     NaN	     NaN	
       8	  -3.027	0.067173	 -0.1287	 -0.0006	 -0.1321	0.060281	     NaN	     NaN	1.006E+6	   0.085	  521.42	   29.43	   78.76	   0.000		     NaN	     NaN	     NaN	
       9	  -2.006	0.059390	 -0.0577	 -0.0003	 -0.0598	0.057333	     NaN	     NaN	1.008E+6	   0.085	  523.23	   29.48	   81.28	   0.000		     NaN	     NaN	     NaN	
      10	  -0.983	0.050947	  0.0534	  0.0003	  0.0526	0.051857	     NaN	     NaN	1.009E+6	   0.086	  524.92	   29.53	   78.75	   0.000		     NaN	     NaN	     NaN	
      11	   0.032	0.042920	  0.1853	  0.0009	  0.1854	0.042818	     NaN	     NaN	1.010E+6	   0.086	  526.14	   29.56	   81.45	   0.000		     NaN	     NaN	     NaN	
      12	   1.064	0.035439	  0.3334	  0.0016	  0.3340	0.029241	     NaN	     NaN	1.011E+6	   0.086	  526.92	   29.59	   78.68	   0.000		     NaN	     NaN	     NaN	
      13	   2.091	0.032776	  0.4718	  0.0023	  0.4727	0.015538	     NaN	     NaN	1.011E+6	   0.086	  527.39	   29.60	   81.14	   0.000		     NaN	     NaN	     NaN	
      14	   3.121	0.031311	  0.6020	  0.0029	  0.6028	-0.001506	     NaN	     NaN	1.012E+6	   0.086	  527.59	   29.61	   78.64	   0.000		     NaN	     NaN	     NaN	
      15	   4.137	0.028408	  0.7211	  0.0034	  0.7213	-0.023682	     NaN	     NaN	1.011E+6	   0.086	  527.42	   29.60	   81.39	   0.000		     NaN	     NaN	     NaN	
      16	   5.162	0.027601	  0.8310	  0.0040	  0.8301	-0.047277	     NaN	     NaN	1.011E+6	   0.086	  526.74	   29.58	   78.61	   0.000		     NaN	     NaN	     NaN	
      17	   6.179	0.027365	  0.9370	  0.0045	  0.9345	-0.073654	     NaN	     NaN	1.010E+6	   0.086	  526.42	   29.57	   81.46	   0.000		     NaN	     NaN	     NaN	
      18	   7.196	0.027868	  1.0390	  0.0050	  1.0343	-0.102489	     NaN	     NaN	1.010E+6	   0.086	  526.01	   29.56	   78.56	   0.000		     NaN	     NaN	     NaN	
      19	   8.214	0.028497	  1.1333	  0.0054	  1.1257	-0.133718	     NaN	     NaN	1.009E+6	   0.086	  525.34	   29.54	   81.10	   0.000		     NaN	     NaN	     NaN	
      20	   9.229	0.025935	  1.2248	  0.0059	  1.2131	-0.170831	     NaN	     NaN	1.008E+6	   0.085	  524.56	   29.52	   78.82	   0.000		     NaN	     NaN	     NaN	
      21	  10.259	0.027157	  1.3045	  0.0062	  1.2885	-0.205616	     NaN	     NaN	1.008E+6	   0.085	  523.90	   29.51	   81.07	   0.000		     NaN	     NaN	     NaN	
      22	  11.260	0.030006	  1.3764	  0.0066	  1.3557	-0.239311	     NaN	     NaN	1.007E+6	   0.085	  523.11	   29.48	   78.69	   0.000		     NaN	     NaN	     NaN	
      23	  11.464	0.030735	  1.3884	  0.0066	  1.3668	-0.245812	     NaN	     NaN	1.007E+6	   0.085	  523.13	   29.48	   81.10	   0.000		     NaN	     NaN	     NaN	
      24	  11.668	0.031398	  1.4013	  0.0067	  1.3787	-0.252635	     NaN	     NaN	1.006E+6	   0.085	  522.71	   29.47	   78.88	   0.000		     NaN	     NaN	     NaN	
      25	  11.872	0.032262	  1.4132	  0.0068	  1.3896	-0.259152	     NaN	     NaN	1.006E+6	   0.085	  522.46	   29.47	   81.21	   0.000		     NaN	     NaN	     NaN	
      26	  12.072	0.033515	  1.4250	  0.0068	  1.4005	-0.265240	     NaN	     NaN	1.006E+6	   0.085	  522.17	   29.46	   78.93	   0.000		     NaN	     NaN	     NaN	
      27	  12.283	0.034611	  1.4349	  0.0069	  1.4094	-0.271422	     NaN	     NaN	1.005E+6	   0.085	  521.94	   29.45	   81.06	   0.000		     NaN	     NaN	     NaN	
      28	  12.472	0.035845	  1.4442	  0.0069	  1.4179	-0.276891	     NaN	     NaN	1.005E+6	   0.085	  521.60	   29.44	   78.56	   0.000		     NaN	     NaN	     NaN	
      29	  12.674	0.037414	  1.4506	  0.0069	  1.4234	-0.281771	     NaN	     NaN	1.005E+6	   0.085	  521.44	   29.44	   81.17	   0.000		     NaN	     NaN	     NaN	
      30	  12.877	0.040195	  1.4564	  0.0070	  1.4287	-0.285389	     NaN	     NaN	1.005E+6	   0.085	  521.23	   29.43	   78.62	   0.000		     NaN	     NaN	     NaN	
      31	  12.992	0.012451	  1.0413	  0.0050	  1.0175	-0.221974	     NaN	     NaN	9.956E+5	   0.084	  512.02	   29.17	  120.00	   0.000		     NaN	     NaN	     NaN	
      32	  13.193	0.011258	  1.0381	  0.0050	  1.0133	-0.225964	     NaN	     NaN	9.944E+5	   0.084	  510.80	   29.14	  120.00	   0.000		     NaN	     NaN	     NaN	
      33	  13.395	0.008802	  1.0402	  0.0050	  1.0140	-0.232417	     NaN	     NaN	9.931E+5	   0.084	  509.44	   29.10	  120.00	   0.000		     NaN	     NaN	     NaN	
      34	  13.603	0.010735	  1.0386	  0.0050	  1.0120	-0.233834	     NaN	     NaN	9.924E+5	   0.084	  508.82	   29.08	  120.00	   0.000		     NaN	     NaN	     NaN	
      35	  13.805	0.013672	  1.0391	  0.0050	  1.0123	-0.234669	     NaN	     NaN	9.917E+5	   0.084	  508.13	   29.06	  120.00	   0.000		     NaN	     NaN	     NaN	
      36	  13.997	0.010843	  1.0265	  0.0049	  0.9986	-0.237755	     NaN	     NaN	9.909E+5	   0.084	  507.32	   29.04	  120.00	   0.000		     NaN	     NaN	     NaN	
      37	  14.197	0.009526	  1.0359	  0.0049	  1.0066	-0.244814	     NaN	     NaN	9.900E+5	   0.084	  506.38	   29.01	  120.00	   0.000		     NaN	     NaN	     NaN	
      38	  14.396	0.011238	  1.0236	  0.0049	  0.9942	-0.243600	     NaN	     NaN	9.895E+5	   0.084	  505.87	   29.00	  120.00	   0.000		     NaN	     NaN	     NaN	
      39	  14.595	0.009140	  1.0315	  0.0049	  1.0005	-0.251079	     NaN	     NaN	9.881E+5	   0.084	  504.40	   28.96	  120.00	   0.000		     NaN	     NaN	     NaN	
      40	  14.790	0.010646	  1.0327	  0.0049	  1.0012	-0.253343	     NaN	     NaN	9.875E+5	   0.084	  503.82	   28.94	  120.00	   0.000		     NaN	     NaN	     NaN	
      41	  14.999	0.011084	  1.0330	  0.0049	  1.0007	-0.256630	     NaN	     NaN	9.866E+5	   0.084	  502.98	   28.92	  120.00	   0.000		     NaN	     NaN	     NaN	
      42	  15.195	0.006132	  1.0212	  0.0049	  0.9871	-0.261731	     NaN	     NaN	9.854E+5	   0.084	  501.69	   28.88	  120.00	   0.000		     NaN	     NaN	     NaN	
      43	  16.191	0.006074	  1.0177	  0.0049	  0.9790	-0.277940	     NaN	     NaN	1.002E+6	   0.085	  518.27	   29.35	  120.00	   0.000		     NaN	     NaN	     NaN	
      44	  17.195	0.003700	  1.0152	  0.0048	  0.9709	-0.296576	     NaN	     NaN	9.967E+5	   0.085	  513.31	   29.21	  120.00	   0.000		     NaN	     NaN	     NaN	
      45	  18.195	0.001572	  1.0279	  0.0049	  0.9770	-0.319457	     NaN	     NaN	9.911E+5	   0.084	  507.67	   29.05	  120.00	   0.000		     NaN	     NaN	     NaN	
      46	  19.206	0.002325	  1.0624	  0.0051	  1.0040	-0.347278	     NaN	     NaN	9.845E+5	   0.084	  500.88	   28.86	  120.00	   0.000		     NaN	     NaN	     NaN	
      47	  20.205	0.001703	  1.0936	  0.0052	  1.0269	-0.376125	     NaN	     NaN	1.000E+6	   0.085	  517.07	   29.32	  120.00	   0.000		     NaN	     NaN	     NaN	
      48	  21.213	0.001475	  1.1316	  0.0054	  1.0554	-0.408079	     NaN	     NaN	9.949E+5	   0.084	  511.69	   29.17	  120.00	   0.000		     NaN	     NaN	     NaN	
      49	  22.224	0.001434	  1.1855	  0.0057	  1.0980	-0.447086	     NaN	     NaN	9.884E+5	   0.084	  504.99	   28.98	  120.00	   0.000		     NaN	     NaN	     NaN	
      50	  23.238	0.002742	  1.2155	  0.0058	  1.1180	-0.477060	     NaN	     NaN	1.001E+6	   0.085	  517.88	   29.34	  120.00	   0.000		     NaN	     NaN	     NaN	
