   Runnr	   Alpha	      Cd	      Cl	      Cm	      Cn	      Ct	Cd-press	Cl-press	      Re	       M	       Q	       V	  Z_w.r.	    Flap	 Cn-corr	 Ct-corr	 Cm-corr
       /	 degrees	       /	       /	       /	       /	       /	       /	       /	       /	       /	      Pa	     m/s	      mm	 degrees	       /	       /	       /
       1	 -10.056	0.145184	 -0.2827	 -0.0014	 -0.3037	0.093594	     NaN	     NaN	9.942E+5	   0.085	  513.13	   29.26	   78.93	   0.000		     NaN	     NaN	     NaN	
       2	  -9.059	0.130963	 -0.2657	 -0.0013	 -0.2830	0.087502	     NaN	     NaN	9.956E+5	   0.085	  514.85	   29.31	   81.35	   0.000		     NaN	     NaN	     NaN	
       3	  -8.055	0.118193	 -0.2525	 -0.0012	 -0.2666	0.081643	     NaN	     NaN	9.971E+5	   0.085	  516.52	   29.36	   78.79	   0.000		     NaN	     NaN	     NaN	
       4	  -7.048	0.106280	 -0.2373	 -0.0011	 -0.2485	0.076365	     NaN	     NaN	9.985E+5	   0.085	  518.13	   29.41	   81.14	   0.000		     NaN	     NaN	     NaN	
       5	  -6.040	0.096524	 -0.2205	 -0.0011	 -0.2295	0.072784	     NaN	     NaN	1.000E+6	   0.085	  519.99	   29.46	   78.63	   0.000		     NaN	     NaN	     NaN	
       6	  -5.039	0.085762	 -0.1994	 -0.0010	 -0.2062	0.067917	     NaN	     NaN	1.002E+6	   0.085	  521.55	   29.51	   81.37	   0.000		     NaN	     NaN	     NaN	
       7	  -4.036	0.075771	 -0.1719	 -0.0008	 -0.1768	0.063482	     NaN	     NaN	1.003E+6	   0.085	  523.24	   29.55	   78.90	   0.000		     NaN	     NaN	     NaN	
       8	  -3.024	0.067332	 -0.1324	 -0.0006	 -0.1358	0.060252	     NaN	     NaN	1.005E+6	   0.086	  524.72	   29.60	   81.23	   0.000		     NaN	     NaN	     NaN	
       9	  -2.006	0.058267	 -0.0596	 -0.0003	 -0.0616	0.056145	     NaN	     NaN	1.006E+6	   0.086	  526.36	   29.64	   79.06	   0.000		     NaN	     NaN	     NaN	
      10	  -0.988	0.051456	  0.0499	  0.0002	  0.0490	0.052308	     NaN	     NaN	1.008E+6	   0.086	  528.36	   29.70	   81.17	   0.000		     NaN	     NaN	     NaN	
      11	   0.031	0.043835	  0.1833	  0.0009	  0.1833	0.043735	     NaN	     NaN	1.009E+6	   0.086	  529.57	   29.73	   78.90	   0.000		     NaN	     NaN	     NaN	
      12	   1.067	0.037078	  0.3322	  0.0016	  0.3328	0.030885	     NaN	     NaN	1.009E+6	   0.086	  530.18	   29.75	   81.20	   0.000		     NaN	     NaN	     NaN	
      13	   2.091	0.031914	  0.4732	  0.0023	  0.4741	0.014623	     NaN	     NaN	1.010E+6	   0.086	  530.60	   29.76	   78.59	   0.000		     NaN	     NaN	     NaN	
      14	   3.112	0.028741	  0.5980	  0.0029	  0.5987	-0.003769	     NaN	     NaN	1.010E+6	   0.086	  530.70	   29.77	   81.09	   0.000		     NaN	     NaN	     NaN	
      15	   4.132	0.026550	  0.7181	  0.0034	  0.7181	-0.025264	     NaN	     NaN	1.010E+6	   0.086	  530.67	   29.77	   78.69	   0.000		     NaN	     NaN	     NaN	
      16	   5.165	0.025180	  0.8283	  0.0040	  0.8272	-0.049485	     NaN	     NaN	1.009E+6	   0.086	  530.36	   29.76	   81.16	   0.000		     NaN	     NaN	     NaN	
      17	   6.186	0.024272	  0.9353	  0.0045	  0.9325	-0.076651	     NaN	     NaN	1.009E+6	   0.086	  529.87	   29.75	   78.57	   0.000		     NaN	     NaN	     NaN	
      18	   7.198	0.023917	  1.0343	  0.0049	  1.0292	-0.105875	     NaN	     NaN	1.008E+6	   0.086	  529.50	   29.74	   81.39	   0.000		     NaN	     NaN	     NaN	
      19	   8.221	0.024406	  1.1287	  0.0054	  1.1206	-0.137238	     NaN	     NaN	1.008E+6	   0.086	  528.75	   29.72	   78.88	   0.000		     NaN	     NaN	     NaN	
      20	   9.230	0.025265	  1.2134	  0.0058	  1.2018	-0.169703	     NaN	     NaN	1.007E+6	   0.086	  527.98	   29.70	   81.44	   0.000		     NaN	     NaN	     NaN	
      21	  10.251	0.027048	  1.2986	  0.0062	  1.2827	-0.204491	     NaN	     NaN	1.006E+6	   0.086	  527.18	   29.67	   78.59	   0.000		     NaN	     NaN	     NaN	
      22	  11.259	0.029354	  1.3740	  0.0066	  1.3533	-0.239486	     NaN	     NaN	1.005E+6	   0.086	  526.22	   29.65	   81.17	   0.000		     NaN	     NaN	     NaN	
      23	  12.272	0.033853	  1.4384	  0.0069	  1.4128	-0.272672	     NaN	     NaN	1.004E+6	   0.086	  525.38	   29.62	   78.47	   0.000		     NaN	     NaN	     NaN	
      24	  12.777	0.036782	  1.4611	  0.0070	  1.4331	-0.287274	     NaN	     NaN	1.004E+6	   0.086	  524.69	   29.61	   81.16	   0.000		     NaN	     NaN	     NaN	
      25	  13.188	0.002085	  1.0339	  0.0049	  1.0071	-0.233857	     NaN	     NaN	1.007E+6	   0.086	  528.56	   29.72	   40.00	   0.000		     NaN	     NaN	     NaN	
      26	  13.695	0.002240	  1.0310	  0.0049	  1.0023	-0.241931	     NaN	     NaN	1.005E+6	   0.086	  526.49	   29.66	   40.00	   0.000		     NaN	     NaN	     NaN	
      27	  14.204	0.003318	  1.0378	  0.0049	  1.0069	-0.251434	     NaN	     NaN	1.003E+6	   0.086	  524.08	   29.59	   40.00	   0.000		     NaN	     NaN	     NaN	
      28	  14.394	0.004564	  1.0303	  0.0049	  0.9991	-0.251699	     NaN	     NaN	1.002E+6	   0.086	  523.53	   29.58	   40.00	   0.000		     NaN	     NaN	     NaN	
      29	  14.596	0.002226	  1.0356	  0.0049	  1.0027	-0.258818	     NaN	     NaN	1.001E+6	   0.085	  522.17	   29.54	   40.00	   0.000		     NaN	     NaN	     NaN	
      30	  14.791	0.003180	  1.0360	  0.0049	  1.0025	-0.261407	     NaN	     NaN	1.000E+6	   0.085	  521.62	   29.52	   40.00	   0.000		     NaN	     NaN	     NaN	
      31	  15.000	0.004727	  1.0381	  0.0049	  1.0039	-0.264109	     NaN	     NaN	9.998E+5	   0.085	  520.93	   29.50	   40.00	   0.000		     NaN	     NaN	     NaN	
      32	  15.192	0.002529	  1.0267	  0.0049	  0.9915	-0.266613	     NaN	     NaN	9.990E+5	   0.085	  520.13	   29.48	   40.00	   0.000		     NaN	     NaN	     NaN	
      33	  15.390	0.003180	  1.0268	  0.0049	  0.9908	-0.269424	     NaN	     NaN	9.979E+5	   0.085	  519.02	   29.45	   40.00	   0.000		     NaN	     NaN	     NaN	
      34	  15.596	0.003721	  1.0312	  0.0049	  0.9942	-0.273651	     NaN	     NaN	9.968E+5	   0.085	  517.93	   29.42	   40.00	   0.000		     NaN	     NaN	     NaN	
      35	  15.793	0.001251	  1.0252	  0.0049	  0.9868	-0.277808	     NaN	     NaN	9.960E+5	   0.085	  517.03	   29.39	   40.00	   0.000		     NaN	     NaN	     NaN	
      36	  15.994	0.001987	  1.0205	  0.0049	  0.9815	-0.279263	     NaN	     NaN	9.951E+5	   0.085	  516.12	   29.37	   40.00	   0.000		     NaN	     NaN	     NaN	
      37	  16.203	0.002530	  1.0244	  0.0049	  0.9844	-0.283431	     NaN	     NaN	9.941E+5	   0.085	  515.22	   29.34	   40.00	   0.000		     NaN	     NaN	     NaN	
      38	  16.397	0.001903	  1.0223	  0.0049	  0.9813	-0.286774	     NaN	     NaN	9.933E+5	   0.085	  514.31	   29.32	   40.00	   0.000		     NaN	     NaN	     NaN	
      39	  16.592	0.001903	  1.0259	  0.0049	  0.9837	-0.291135	     NaN	     NaN	9.921E+5	   0.085	  513.18	   29.28	   40.00	   0.000		     NaN	     NaN	     NaN	
      40	  16.789	0.002620	  1.0211	  0.0049	  0.9783	-0.292439	     NaN	     NaN	9.912E+5	   0.085	  512.25	   29.26	   40.00	   0.000		     NaN	     NaN	     NaN	
      41	  16.994	0.002821	  1.0200	  0.0049	  0.9763	-0.295439	     NaN	     NaN	9.904E+5	   0.085	  511.47	   29.24	   40.00	   0.000		     NaN	     NaN	     NaN	
      42	  17.196	0.002860	  1.0193	  0.0049	  0.9746	-0.298620	     NaN	     NaN	9.892E+5	   0.084	  510.18	   29.20	   40.00	   0.000		     NaN	     NaN	     NaN	
      43	  17.390	0.000990	  1.0202	  0.0049	  0.9739	-0.303971	     NaN	     NaN	9.881E+5	   0.084	  509.14	   29.17	   40.00	   0.000		     NaN	     NaN	     NaN	
      44	  17.599	0.000461	  1.0210	  0.0049	  0.9733	-0.308267	     NaN	     NaN	9.869E+5	   0.084	  507.91	   29.13	   40.00	   0.000		     NaN	     NaN	     NaN	
      45	  17.794	0.000852	  1.0216	  0.0049	  0.9730	-0.311386	     NaN	     NaN	9.855E+5	   0.084	  506.50	   29.09	   40.00	   0.000		     NaN	     NaN	     NaN	
      46	  17.996	0.002086	  1.0255	  0.0049	  0.9759	-0.314841	     NaN	     NaN	1.001E+6	   0.085	  522.17	   29.54	   40.00	   0.000		     NaN	     NaN	     NaN	
      47	  18.198	0.001138	  1.0257	  0.0049	  0.9747	-0.319243	     NaN	     NaN	9.995E+5	   0.085	  521.01	   29.51	   40.00	   0.000		     NaN	     NaN	     NaN	
      48	  18.706	0.000839	  1.0486	  0.0050	  0.9935	-0.335524	     NaN	     NaN	9.957E+5	   0.085	  517.08	   29.40	   40.00	   0.000		     NaN	     NaN	     NaN	
      49	  19.197	0.002150	  1.0518	  0.0050	  0.9940	-0.343818	     NaN	     NaN	9.931E+5	   0.085	  514.45	   29.32	   40.00	   0.000		     NaN	     NaN	     NaN	
      50	  19.702	0.001133	  1.0811	  0.0052	  1.0181	-0.363395	     NaN	     NaN	9.899E+5	   0.084	  511.15	   29.23	   40.00	   0.000		     NaN	     NaN	     NaN	
