   Runnr	   Alpha	      Cd	      Cl	      Cm	      Cn	      Ct	Cd-press	Cl-press	      Re	       M	       Q	       V	  Z_w.r.	    Flap	 Cn-corr	 Ct-corr	 Cm-corr
       /	 degrees	       /	       /	       /	       /	       /	       /	       /	       /	       /	      Pa	     m/s	      mm	 degrees	       /	       /	       /
       1	 -10.107	0.142959	 -0.2295	 -0.0986	 -0.2510	0.100473	     NaN	     NaN	5.125E+5	   0.045	  146.03	   15.58	  329.07	   0.000		     NaN	     NaN	     NaN	
       2	  -9.101	0.128562	 -0.2027	 -0.0988	 -0.2205	0.094882	     NaN	     NaN	4.877E+5	   0.043	  132.21	   14.83	  330.87	   0.000		     NaN	     NaN	     NaN	
       3	  -8.101	0.114432	 -0.1868	 -0.0989	 -0.2011	0.086961	     NaN	     NaN	5.100E+5	   0.045	  144.61	   15.50	  329.15	   0.000		     NaN	     NaN	     NaN	
       4	  -7.104	0.104569	 -0.1714	 -0.0990	 -0.1830	0.082568	     NaN	     NaN	4.919E+5	   0.043	  134.55	   14.96	  330.67	   0.000		     NaN	     NaN	     NaN	
       5	  -6.089	0.094072	 -0.1522	 -0.0991	 -0.1614	0.077393	     NaN	     NaN	5.075E+5	   0.045	  143.21	   15.43	  329.38	   0.000		     NaN	     NaN	     NaN	
       6	  -5.089	0.085161	 -0.1297	 -0.0991	 -0.1368	0.073319	     NaN	     NaN	5.011E+5	   0.044	  139.63	   15.24	  330.89	   0.000		     NaN	     NaN	     NaN	
       7	  -4.094	0.077207	 -0.1037	 -0.0991	 -0.1089	0.069608	     NaN	     NaN	5.018E+5	   0.044	  140.03	   15.26	  329.19	   0.000		     NaN	     NaN	     NaN	
       8	  -3.079	0.069219	 -0.0691	 -0.0991	 -0.0727	0.065410	     NaN	     NaN	5.024E+5	   0.044	  140.39	   15.28	  330.92	   0.000		     NaN	     NaN	     NaN	
       9	  -2.076	0.061949	 -0.0123	 -0.0990	 -0.0145	0.061463	     NaN	     NaN	5.031E+5	   0.044	  140.76	   15.30	  329.07	   0.000		     NaN	     NaN	     NaN	
      10	  -1.055	0.054765	  0.0826	 -0.0987	  0.0816	0.056277	     NaN	     NaN	5.036E+5	   0.044	  141.06	   15.31	  330.86	   0.000		     NaN	     NaN	     NaN	
      11	  -0.028	0.047422	  0.2101	 -0.0982	  0.2101	0.047525	     NaN	     NaN	5.040E+5	   0.044	  141.30	   15.33	  329.19	   0.000		     NaN	     NaN	     NaN	
      12	   1.000	0.040657	  0.3630	 -0.0976	  0.3637	0.034317	     NaN	     NaN	5.042E+5	   0.044	  141.39	   15.33	  330.96	   0.000		     NaN	     NaN	     NaN	
      13	   2.020	0.036421	  0.5148	 -0.0970	  0.5158	0.018255	     NaN	     NaN	5.043E+5	   0.044	  141.47	   15.34	  329.14	   0.000		     NaN	     NaN	     NaN	
      14	   3.052	0.032079	  0.6537	 -0.0965	  0.6544	-0.002769	     NaN	     NaN	5.043E+5	   0.044	  141.44	   15.34	  330.94	   0.000		     NaN	     NaN	     NaN	
      15	   4.074	0.030357	  0.7776	 -0.0960	  0.7778	-0.024972	     NaN	     NaN	5.042E+5	   0.044	  141.39	   15.33	  329.13	   0.000		     NaN	     NaN	     NaN	
      16	   5.092	0.028406	  0.8925	 -0.0955	  0.8915	-0.050913	     NaN	     NaN	5.039E+5	   0.044	  141.24	   15.32	  330.59	   0.000		     NaN	     NaN	     NaN	
      17	   6.115	0.027855	  0.9982	 -0.0950	  0.9955	-0.078629	     NaN	     NaN	5.037E+5	   0.044	  141.12	   15.32	  329.09	   0.000		     NaN	     NaN	     NaN	
      18	   7.125	0.026982	  1.0956	 -0.0946	  1.0905	-0.109125	     NaN	     NaN	5.034E+5	   0.044	  140.96	   15.31	  330.70	   0.000		     NaN	     NaN	     NaN	
      19	   8.149	0.027202	  1.1838	 -0.0942	  1.1757	-0.140868	     NaN	     NaN	5.031E+5	   0.044	  140.80	   15.30	  329.15	   0.000		     NaN	     NaN	     NaN	
      20	   9.152	0.027573	  1.2620	 -0.0938	  1.2503	-0.173519	     NaN	     NaN	5.027E+5	   0.044	  140.59	   15.29	  330.67	   0.000		     NaN	     NaN	     NaN	
      21	  10.170	0.028958	  1.3355	 -0.0935	  1.3197	-0.207307	     NaN	     NaN	5.024E+5	   0.044	  140.45	   15.28	  329.05	   0.000		     NaN	     NaN	     NaN	
      22	  11.181	0.031233	  1.3943	 -0.0932	  1.3739	-0.239737	     NaN	     NaN	5.020E+5	   0.044	  140.20	   15.27	  330.74	   0.000		     NaN	     NaN	     NaN	
      23	  12.186	0.034744	  1.4371	 -0.0929	  1.4121	-0.269388	     NaN	     NaN	5.015E+5	   0.044	  139.93	   15.25	  329.07	   0.000		     NaN	     NaN	     NaN	
      24	  12.677	0.030732	  1.3823	 -0.0932	  1.3554	-0.273362	     NaN	     NaN	4.988E+5	   0.044	  138.41	   15.17	  330.86	   0.000		     NaN	     NaN	     NaN	
      25	  13.177	0.041129	  1.3574	 -0.0931	  1.3310	-0.269370	     NaN	     NaN	4.980E+5	   0.044	  137.96	   15.15	  329.15	   0.000		     NaN	     NaN	     NaN	
      26	  13.668	0.054610	  1.3422	 -0.0930	  1.3171	-0.264085	     NaN	     NaN	4.975E+5	   0.044	  137.68	   15.13	  330.71	   0.000		     NaN	     NaN	     NaN	
      27	  14.167	0.070793	  1.3342	 -0.0927	  1.3110	-0.257916	     NaN	     NaN	4.972E+5	   0.044	  137.53	   15.12	  329.27	   0.000		     NaN	     NaN	     NaN	
      28	  14.665	0.080613	  1.3180	 -0.0926	  1.2955	-0.255689	     NaN	     NaN	4.961E+5	   0.044	  136.92	   15.09	  330.85	   0.000		     NaN	     NaN	     NaN	
      29	  15.171	0.084108	  1.3060	 -0.0926	  1.2825	-0.260601	     NaN	     NaN	4.953E+5	   0.044	  136.44	   15.06	  329.17	   0.000		     NaN	     NaN	     NaN	
      30	  15.668	0.085154	  1.2903	 -0.0927	  1.2654	-0.266491	     NaN	     NaN	4.937E+5	   0.044	  135.58	   15.02	  330.69	   0.000		     NaN	     NaN	     NaN	
      31	  16.161	0.092188	  1.2821	 -0.0926	  1.2571	-0.268298	     NaN	     NaN	4.999E+5	   0.044	  139.01	   15.20	  329.18	   0.000		     NaN	     NaN	     NaN	
      32	  16.651	0.102162	  1.2662	 -0.0925	  1.2424	-0.264958	     NaN	     NaN	4.987E+5	   0.044	  138.38	   15.17	  330.92	   0.000		     NaN	     NaN	     NaN	
      33	  17.162	0.092847	  1.2676	 -0.0926	  1.2385	-0.285327	     NaN	     NaN	4.977E+5	   0.044	  137.82	   15.14	  329.08	   0.000		     NaN	     NaN	     NaN	
      34	  17.658	0.095393	  1.2627	 -0.0926	  1.2322	-0.292147	     NaN	     NaN	4.966E+5	   0.044	  137.23	   15.11	  331.21	   0.000		     NaN	     NaN	     NaN	
      35	  18.160	0.101487	  1.2653	 -0.0925	  1.2339	-0.297902	     NaN	     NaN	4.958E+5	   0.044	  136.77	   15.08	  328.85	   0.000		     NaN	     NaN	     NaN	
      36	  18.657	0.103420	  1.2673	 -0.0924	  1.2338	-0.307418	     NaN	     NaN	4.949E+5	   0.044	  136.27	   15.05	  331.35	   0.000		     NaN	     NaN	     NaN	
      37	  19.159	0.105243	  1.2764	 -0.0923	  1.2402	-0.319485	     NaN	     NaN	4.945E+5	   0.044	  136.03	   15.04	  328.67	   0.000		     NaN	     NaN	     NaN	
      38	  19.664	0.109953	  1.2814	 -0.0922	  1.2436	-0.327639	     NaN	     NaN	4.937E+5	   0.044	  135.59	   15.02	  331.02	   0.000		     NaN	     NaN	     NaN	
      39	  20.163	0.112185	  1.2911	 -0.0921	  1.2506	-0.339701	     NaN	     NaN	5.014E+5	   0.044	  139.85	   15.25	  328.64	   0.000		     NaN	     NaN	     NaN	
      40	  20.669	0.122970	  1.3033	 -0.0919	  1.2628	-0.344985	     NaN	     NaN	5.003E+5	   0.044	  139.25	   15.22	  331.32	   0.000		     NaN	     NaN	     NaN	
      41	  21.164	0.116504	  1.3333	 -0.0918	  1.2854	-0.372710	     NaN	     NaN	4.983E+5	   0.044	  138.15	   15.16	  328.55	   0.000		     NaN	     NaN	     NaN	
      42	  21.677	0.118774	  1.3456	 -0.0917	  1.2943	-0.386655	     NaN	     NaN	4.960E+5	   0.044	  136.89	   15.09	  331.33	   0.000		     NaN	     NaN	     NaN	
      43	  22.172	0.118287	  1.3530	 -0.0917	  1.2976	-0.401077	     NaN	     NaN	4.952E+5	   0.044	  136.45	   15.07	  328.59	   0.000		     NaN	     NaN	     NaN	
      44	  22.670	0.123078	  1.3568	 -0.0916	  1.2994	-0.409362	     NaN	     NaN	4.940E+5	   0.044	  135.78	   15.03	  331.54	   0.000		     NaN	     NaN	     NaN	
      45	  23.184	0.143955	  1.3484	 -0.0912	  1.2962	-0.398502	     NaN	     NaN	4.939E+5	   0.044	  135.76	   15.03	  328.73	   0.000		     NaN	     NaN	     NaN	
      46	  23.669	0.160348	  1.3378	 -0.0910	  1.2896	-0.390180	     NaN	     NaN	5.024E+5	   0.044	  140.43	   15.28	  331.29	   0.000		     NaN	     NaN	     NaN	
      47	  24.174	0.169163	  1.3419	 -0.0908	  1.2935	-0.395201	     NaN	     NaN	4.999E+5	   0.044	  139.06	   15.21	  328.88	   0.000		     NaN	     NaN	     NaN	
      48	  24.677	0.187605	  1.3336	 -0.0905	  1.2901	-0.386303	     NaN	     NaN	4.985E+5	   0.044	  138.27	   15.17	  331.30	   0.000		     NaN	     NaN	     NaN	
      49	  25.165	0.202267	  1.3228	 -0.0903	  1.2832	-0.379418	     NaN	     NaN	4.978E+5	   0.044	  137.90	   15.15	  328.83	   0.000		     NaN	     NaN	     NaN	
