   Runnr	   Alpha	      Cd	      Cl	      Cm	      Cn	      Ct	Cd-press	Cl-press	      Re	       M	       Q	       V	  Z_w.r.	    Flap	 Cn-corr	 Ct-corr	 Cm-corr
       /	 degrees	       /	       /	       /	       /	       /	       /	       /	       /	       /	      Pa	     m/s	      mm	 degrees	       /	       /	       /
       1	 -10.051	0.142020	 -0.2809	 -0.0014	 -0.3013	0.090820	     NaN	     NaN	5.130E+5	   0.044	  135.90	   15.03	   78.05	   0.000		     NaN	     NaN	     NaN	
       2	  -9.058	0.123947	 -0.2624	 -0.0013	 -0.2787	0.081088	     NaN	     NaN	4.854E+5	   0.041	  121.71	   14.23	   81.85	   0.000		     NaN	     NaN	     NaN	
       3	  -8.054	0.115302	 -0.2500	 -0.0012	 -0.2637	0.079132	     NaN	     NaN	5.159E+5	   0.044	  137.45	   15.12	   78.20	   0.000		     NaN	     NaN	     NaN	
       4	  -7.046	0.104813	 -0.2302	 -0.0011	 -0.2413	0.075783	     NaN	     NaN	4.870E+5	   0.041	  122.51	   14.27	   81.88	   0.000		     NaN	     NaN	     NaN	
       5	  -6.038	0.092771	 -0.2133	 -0.0010	 -0.2218	0.069823	     NaN	     NaN	5.106E+5	   0.043	  134.69	   14.97	   78.25	   0.000		     NaN	     NaN	     NaN	
       6	  -5.034	0.083039	 -0.1927	 -0.0009	 -0.1992	0.065813	     NaN	     NaN	4.946E+5	   0.042	  126.35	   14.49	   81.69	   0.000		     NaN	     NaN	     NaN	
       7	  -4.036	0.072689	 -0.1658	 -0.0008	 -0.1705	0.060843	     NaN	     NaN	4.953E+5	   0.042	  126.75	   14.52	   78.34	   0.000		     NaN	     NaN	     NaN	
       8	  -3.027	0.064898	 -0.1297	 -0.0006	 -0.1329	0.057961	     NaN	     NaN	4.962E+5	   0.042	  127.18	   14.54	   81.65	   0.000		     NaN	     NaN	     NaN	
       9	  -2.011	0.054859	 -0.0689	 -0.0003	 -0.0708	0.052409	     NaN	     NaN	4.968E+5	   0.042	  127.52	   14.56	   78.23	   0.000		     NaN	     NaN	     NaN	
      10	  -0.991	0.049192	  0.0351	  0.0002	  0.0343	0.049792	     NaN	     NaN	4.976E+5	   0.042	  127.93	   14.58	   81.80	   0.000		     NaN	     NaN	     NaN	
      11	   0.041	0.040612	  0.1768	  0.0008	  0.1768	0.040487	     NaN	     NaN	4.982E+5	   0.042	  128.20	   14.60	   78.12	   0.000		     NaN	     NaN	     NaN	
      12	   1.060	0.035197	  0.3309	  0.0016	  0.3315	0.029071	     NaN	     NaN	4.985E+5	   0.042	  128.39	   14.61	   81.84	   0.000		     NaN	     NaN	     NaN	
      13	   2.089	0.031275	  0.4795	  0.0023	  0.4803	0.013777	     NaN	     NaN	4.987E+5	   0.042	  128.49	   14.62	   78.22	   0.000		     NaN	     NaN	     NaN	
      14	   3.115	0.027523	  0.6128	  0.0029	  0.6134	-0.005818	     NaN	     NaN	4.988E+5	   0.042	  128.53	   14.62	   81.77	   0.000		     NaN	     NaN	     NaN	
      15	   4.146	0.025756	  0.7345	  0.0035	  0.7345	-0.027418	     NaN	     NaN	4.988E+5	   0.042	  128.54	   14.62	   78.20	   0.000		     NaN	     NaN	     NaN	
      16	   5.157	0.024408	  0.8478	  0.0040	  0.8465	-0.051896	     NaN	     NaN	4.985E+5	   0.042	  128.40	   14.61	   81.92	   0.000		     NaN	     NaN	     NaN	
      17	   6.186	0.024750	  0.9552	  0.0045	  0.9523	-0.078316	     NaN	     NaN	4.985E+5	   0.042	  128.36	   14.61	   78.15	   0.000		     NaN	     NaN	     NaN	
      18	   7.209	0.023790	  1.0542	  0.0050	  1.0488	-0.108679	     NaN	     NaN	4.983E+5	   0.042	  128.27	   14.60	   81.76	   0.000		     NaN	     NaN	     NaN	
      19	   8.213	0.024643	  1.1485	  0.0055	  1.1402	-0.139673	     NaN	     NaN	4.980E+5	   0.042	  128.13	   14.60	   78.18	   0.000		     NaN	     NaN	     NaN	
      20	   9.234	0.025378	  1.2356	  0.0059	  1.2237	-0.173229	     NaN	     NaN	4.977E+5	   0.042	  127.95	   14.59	   81.84	   0.000		     NaN	     NaN	     NaN	
      21	  10.254	0.027318	  1.3183	  0.0063	  1.3021	-0.207789	     NaN	     NaN	4.973E+5	   0.042	  127.75	   14.57	   78.76	   0.000		     NaN	     NaN	     NaN	
      22	  11.269	0.028732	  1.3932	  0.0066	  1.3720	-0.244082	     NaN	     NaN	4.969E+5	   0.042	  127.56	   14.56	   81.72	   0.000		     NaN	     NaN	     NaN	
      23	  11.466	0.029481	  1.4071	  0.0067	  1.3849	-0.250827	     NaN	     NaN	4.968E+5	   0.042	  127.53	   14.56	   78.29	   0.000		     NaN	     NaN	     NaN	
      24	  11.670	0.029337	  1.4191	  0.0068	  1.3957	-0.258315	     NaN	     NaN	4.967E+5	   0.042	  127.43	   14.56	   81.84	   0.000		     NaN	     NaN	     NaN	
      25	  11.867	0.030599	  1.4338	  0.0068	  1.4094	-0.264906	     NaN	     NaN	4.966E+5	   0.042	  127.40	   14.55	   78.03	   0.000		     NaN	     NaN	     NaN	
      26	  12.075	0.030859	  1.4473	  0.0069	  1.4217	-0.272581	     NaN	     NaN	4.964E+5	   0.042	  127.32	   14.55	   81.81	   0.000		     NaN	     NaN	     NaN	
      27	  12.286	0.032066	  1.4595	  0.0069	  1.4329	-0.279235	     NaN	     NaN	4.963E+5	   0.042	  127.25	   14.55	   78.22	   0.000		     NaN	     NaN	     NaN	
      28	  12.479	0.032431	  1.4715	  0.0070	  1.4437	-0.286304	     NaN	     NaN	4.963E+5	   0.042	  127.24	   14.55	   81.81	   0.000		     NaN	     NaN	     NaN	
      29	  12.690	0.033241	  1.4830	  0.0071	  1.4541	-0.293372	     NaN	     NaN	4.962E+5	   0.042	  127.20	   14.54	   78.19	   0.000		     NaN	     NaN	     NaN	
      30	  12.880	0.033762	  1.4934	  0.0071	  1.4634	-0.299982	     NaN	     NaN	4.960E+5	   0.042	  127.11	   14.54	   81.81	   0.000		     NaN	     NaN	     NaN	
      31	  13.094	0.034939	  1.5044	  0.0072	  1.4732	-0.306786	     NaN	     NaN	4.959E+5	   0.042	  127.07	   14.54	   78.30	   0.000		     NaN	     NaN	     NaN	
      32	  13.287	0.035984	  1.5141	  0.0072	  1.4819	-0.312966	     NaN	     NaN	4.960E+5	   0.042	  127.07	   14.54	   81.83	   0.000		     NaN	     NaN	     NaN	
      33	  13.487	0.037959	  1.5242	  0.0073	  1.4910	-0.318568	     NaN	     NaN	4.958E+5	   0.042	  127.00	   14.53	   78.15	   0.000		     NaN	     NaN	     NaN	
      34	  13.690	0.038748	  1.5310	  0.0073	  1.4967	-0.324690	     NaN	     NaN	4.957E+5	   0.042	  126.94	   14.53	   81.64	   0.000		     NaN	     NaN	     NaN	
      35	  13.886	0.040285	  1.5397	  0.0073	  1.5044	-0.330419	     NaN	     NaN	4.956E+5	   0.042	  126.90	   14.53	   78.13	   0.000		     NaN	     NaN	     NaN	
      36	  14.092	0.041841	  1.5457	  0.0074	  1.5093	-0.335768	     NaN	     NaN	4.955E+5	   0.042	  126.83	   14.52	   81.63	   0.000		     NaN	     NaN	     NaN	
      37	  14.299	0.044379	  1.5515	  0.0074	  1.5144	-0.340183	     NaN	     NaN	4.954E+5	   0.042	  126.81	   14.52	   78.12	   0.000		     NaN	     NaN	     NaN	
      38	  14.491	0.047986	  1.5554	  0.0074	  1.5179	-0.342725	     NaN	     NaN	4.954E+5	   0.042	  126.81	   14.52	   81.83	   0.000		     NaN	     NaN	     NaN	
      39	  14.703	0.071529	  1.5509	  0.0074	  1.5182	-0.324445	     NaN	     NaN	4.960E+5	   0.042	  127.08	   14.54	   78.17	   0.000		     NaN	     NaN	     NaN	
      40	  14.890	0.105923	  1.5409	  0.0074	  1.5164	-0.293600	     NaN	     NaN	4.966E+5	   0.042	  127.37	   14.55	   81.78	   0.000		     NaN	     NaN	     NaN	Wake not in center of rake!; 
      41	  15.097	0.115558	  1.5468	  0.0075	  1.5235	-0.291297	     NaN	     NaN	4.966E+5	   0.042	  127.40	   14.56	   78.34	   0.000		     NaN	     NaN	     NaN	
      42	  15.179	0.006021	  0.9203	  0.0044	  0.8898	-0.235145	     NaN	     NaN	4.926E+5	   0.042	  125.37	   14.44	  120.00	   0.000		     NaN	     NaN	     NaN	
      43	  16.175	0.005860	  0.9562	  0.0045	  0.9200	-0.260764	     NaN	     NaN	5.056E+5	   0.043	  132.03	   14.82	  120.00	   0.000		     NaN	     NaN	     NaN	
      44	  17.178	0.002288	  0.9492	  0.0045	  0.9076	-0.278169	     NaN	     NaN	5.012E+5	   0.043	  129.78	   14.69	  120.00	   0.000		     NaN	     NaN	     NaN	
      45	  18.177	0.014371	  0.8971	  0.0043	  0.8568	-0.266203	     NaN	     NaN	4.996E+5	   0.042	  128.92	   14.64	  120.00	   0.000		     NaN	     NaN	     NaN	
      46	  19.170	0.012824	  0.9142	  0.0043	  0.8677	-0.288077	     NaN	     NaN	4.969E+5	   0.042	  127.55	   14.56	  120.00	   0.000		     NaN	     NaN	     NaN	
      47	  20.176	0.012057	  0.9384	  0.0045	  0.8850	-0.312337	     NaN	     NaN	4.943E+5	   0.042	  126.24	   14.49	  120.00	   0.000		     NaN	     NaN	     NaN	
      48	  21.185	0.017115	  0.9833	  0.0047	  0.9231	-0.339406	     NaN	     NaN	5.050E+5	   0.043	  131.77	   14.80	  120.00	   0.000		     NaN	     NaN	     NaN	
      49	  22.200	0.008016	  1.0780	  0.0051	  1.0012	-0.399910	     NaN	     NaN	5.027E+5	   0.043	  130.56	   14.73	  120.00	   0.000		     NaN	     NaN	     NaN	
      50	  23.224	0.020920	  1.1382	  0.0054	  1.0543	-0.429602	     NaN	     NaN	4.986E+5	   0.042	  128.43	   14.61	  120.00	   0.000		     NaN	     NaN	     NaN	
