   Runnr	   Alpha	      Cd	      Cl	      Cm	      Cn	      Ct	Cd-press	Cl-press	      Re	       M	       Q	       V	  Z_w.r.	    Flap	 Cn-corr	 Ct-corr	 Cm-corr
       /	 degrees	       /	       /	       /	       /	       /	       /	       /	       /	       /	      Pa	     m/s	      mm	 degrees	       /	       /	       /
       1	 -10.107	0.135360	 -0.2278	 -0.0987	 -0.2480	0.093294	     NaN	     NaN	9.928E+5	   0.087	  546.46	   30.11	  328.69	   0.000		     NaN	     NaN	     NaN	
       2	  -9.103	0.120548	 -0.2122	 -0.0989	 -0.2286	0.085453	     NaN	     NaN	9.943E+5	   0.087	  548.20	   30.16	  331.21	   0.000		     NaN	     NaN	     NaN	
       3	  -8.108	0.107883	 -0.1962	 -0.0990	 -0.2095	0.079129	     NaN	     NaN	9.960E+5	   0.088	  550.11	   30.21	  328.68	   0.000		     NaN	     NaN	     NaN	
       4	  -7.107	0.098766	 -0.1829	 -0.0991	 -0.1937	0.075383	     NaN	     NaN	9.978E+5	   0.088	  552.13	   30.27	  331.24	   0.000		     NaN	     NaN	     NaN	
       5	  -6.092	0.088933	 -0.1647	 -0.0992	 -0.1732	0.070950	     NaN	     NaN	9.995E+5	   0.088	  554.14	   30.33	  328.72	   0.000		     NaN	     NaN	     NaN	
       6	  -5.091	0.079527	 -0.1444	 -0.0993	 -0.1509	0.066399	     NaN	     NaN	1.001E+6	   0.088	  556.15	   30.38	  331.39	   0.000		     NaN	     NaN	     NaN	
       7	  -4.085	0.071866	 -0.1144	 -0.0993	 -0.1193	0.063531	     NaN	     NaN	1.003E+6	   0.088	  557.87	   30.43	  328.61	   0.000		     NaN	     NaN	     NaN	
       8	  -3.087	0.065452	 -0.0728	 -0.0992	 -0.0763	0.061434	     NaN	     NaN	1.004E+6	   0.088	  559.47	   30.47	  331.45	   0.000		     NaN	     NaN	     NaN	
       9	  -2.067	0.058020	 -0.0043	 -0.0990	 -0.0064	0.057827	     NaN	     NaN	1.006E+6	   0.088	  560.92	   30.51	  328.46	   0.000		     NaN	     NaN	     NaN	
      10	  -1.052	0.051322	  0.1000	 -0.0986	  0.0991	0.053150	     NaN	     NaN	1.007E+6	   0.089	  562.40	   30.55	  331.34	   0.000		     NaN	     NaN	     NaN	
      11	  -0.027	0.040660	  0.2310	 -0.0982	  0.2310	0.040770	     NaN	     NaN	1.008E+6	   0.089	  563.44	   30.58	  328.65	   0.000		     NaN	     NaN	     NaN	
      12	   0.999	0.033636	  0.3798	 -0.0977	  0.3803	0.027010	     NaN	     NaN	1.009E+6	   0.089	  564.53	   30.61	  331.20	   0.000		     NaN	     NaN	     NaN	
      13	   2.025	0.027988	  0.5267	 -0.0971	  0.5273	0.009357	     NaN	     NaN	1.009E+6	   0.089	  564.59	   30.61	  328.67	   0.000		     NaN	     NaN	     NaN	
      14	   3.046	0.024651	  0.6608	 -0.0966	  0.6611	-0.010497	     NaN	     NaN	1.009E+6	   0.089	  564.49	   30.61	  331.18	   0.000		     NaN	     NaN	     NaN	
      15	   4.076	0.021729	  0.7853	 -0.0960	  0.7848	-0.034141	     NaN	     NaN	1.008E+6	   0.089	  564.29	   30.60	  328.64	   0.000		     NaN	     NaN	     NaN	
      16	   5.096	0.020561	  0.8980	 -0.0956	  0.8963	-0.059293	     NaN	     NaN	1.008E+6	   0.089	  563.86	   30.59	  331.34	   0.000		     NaN	     NaN	     NaN	
      17	   6.112	0.019217	  1.0035	 -0.0951	  0.9998	-0.087736	     NaN	     NaN	1.008E+6	   0.089	  563.37	   30.58	  328.58	   0.000		     NaN	     NaN	     NaN	
      18	   7.131	0.018621	  1.1053	 -0.0946	  1.0991	-0.118733	     NaN	     NaN	1.007E+6	   0.089	  562.46	   30.55	  331.42	   0.000		     NaN	     NaN	     NaN	
      19	   8.148	0.018380	  1.2012	 -0.0942	  1.1917	-0.152055	     NaN	     NaN	1.006E+6	   0.088	  561.78	   30.54	  328.59	   0.000		     NaN	     NaN	     NaN	
      20	   9.157	0.018119	  1.2895	 -0.0938	  1.2759	-0.187331	     NaN	     NaN	1.005E+6	   0.088	  560.56	   30.50	  331.53	   0.000		     NaN	     NaN	     NaN	
      21	  10.177	0.018589	  1.3743	 -0.0934	  1.3560	-0.224529	     NaN	     NaN	1.004E+6	   0.088	  559.79	   30.48	  328.69	   0.000		     NaN	     NaN	     NaN	
      22	  11.187	0.019586	  1.4479	 -0.0931	  1.4241	-0.261685	     NaN	     NaN	1.003E+6	   0.088	  558.63	   30.45	  331.17	   0.000		     NaN	     NaN	     NaN	
      23	  12.200	0.021187	  1.5197	 -0.0927	  1.4898	-0.300442	     NaN	     NaN	1.002E+6	   0.088	  557.55	   30.42	  328.73	   0.000		     NaN	     NaN	     NaN	
      24	  12.713	0.022212	  1.5486	 -0.0926	  1.5156	-0.319140	     NaN	     NaN	1.001E+6	   0.088	  556.89	   30.40	  331.32	   0.000		     NaN	     NaN	     NaN	
      25	  13.211	0.023563	  1.5775	 -0.0924	  1.5412	-0.337600	     NaN	     NaN	1.001E+6	   0.088	  556.49	   30.39	  328.62	   0.000		     NaN	     NaN	     NaN	
      26	  13.716	0.024952	  1.5985	 -0.0923	  1.5588	-0.354763	     NaN	     NaN	1.001E+6	   0.088	  555.92	   30.38	  331.32	   0.000		     NaN	     NaN	     NaN	
      27	  14.220	0.027130	  1.6179	 -0.0921	  1.5750	-0.371131	     NaN	     NaN	1.000E+6	   0.088	  555.35	   30.36	  328.68	   0.000		     NaN	     NaN	     NaN	
      28	  14.714	0.028558	  1.6258	 -0.0921	  1.5797	-0.385333	     NaN	     NaN	9.994E+5	   0.088	  554.62	   30.34	  331.31	   0.000		     NaN	     NaN	     NaN	
      29	  15.218	0.023971	  1.5858	 -0.0923	  1.5365	-0.393135	     NaN	     NaN	9.951E+5	   0.088	  549.88	   30.21	  328.80	   0.000		     NaN	     NaN	     NaN	
      30	  15.713	0.042737	  1.5475	 -0.0922	  1.5013	-0.377949	     NaN	     NaN	9.935E+5	   0.087	  548.20	   30.17	  331.29	   0.000		     NaN	     NaN	     NaN	Wake not in center of rake!; 
      31	  16.200	0.100027	  1.4982	 -0.0914	  1.4666	-0.321917	     NaN	     NaN	9.943E+5	   0.087	  548.98	   30.19	  328.51	   0.000		     NaN	     NaN	     NaN	Wake not in center of rake!; 
      32	  16.701	0.026692	  1.5403	 -0.0925	  1.4830	-0.417068	     NaN	     NaN	9.876E+5	   0.087	  541.66	   29.99	  331.35	   0.000		     NaN	     NaN	     NaN	
      33	  17.194	0.000352	  1.5043	 -0.0930	  1.4372	-0.444344	     NaN	     NaN	9.998E+5	   0.088	  555.12	   30.36	  260.00	   0.000		     NaN	     NaN	     NaN	
      34	  17.700	0.000349	  1.4968	 -0.0931	  1.4260	-0.454747	     NaN	     NaN	9.974E+5	   0.088	  552.58	   30.29	  260.00	   0.000		     NaN	     NaN	     NaN	
      35	  18.183	0.004404	  1.4369	 -0.0932	  1.3665	-0.444200	     NaN	     NaN	9.937E+5	   0.087	  548.42	   30.17	  260.00	   0.000		     NaN	     NaN	     NaN	
      36	  18.677	0.002784	  1.4221	 -0.0933	  1.3481	-0.452777	     NaN	     NaN	9.919E+5	   0.087	  546.41	   30.12	  260.00	   0.000		     NaN	     NaN	     NaN	
      37	  19.178	0.001451	  1.4244	 -0.0933	  1.3458	-0.466550	     NaN	     NaN	9.902E+5	   0.087	  544.65	   30.07	  260.00	   0.000		     NaN	     NaN	     NaN	
      38	  19.681	0.004146	  1.4002	 -0.0934	  1.3198	-0.467680	     NaN	     NaN	9.880E+5	   0.087	  542.26	   30.01	  260.00	   0.000		     NaN	     NaN	     NaN	
      39	  20.174	0.002610	  1.3974	 -0.0934	  1.3126	-0.479489	     NaN	     NaN	9.864E+5	   0.087	  540.56	   29.96	  260.00	   0.000		     NaN	     NaN	     NaN	
      40	  20.684	0.002872	  1.3874	 -0.0934	  1.2989	-0.487338	     NaN	     NaN	1.001E+6	   0.088	  556.72	   30.40	  260.00	   0.000		     NaN	     NaN	     NaN	
      41	  21.175	0.003274	  1.3786	 -0.0935	  1.2867	-0.494930	     NaN	     NaN	9.986E+5	   0.088	  553.98	   30.33	  260.00	   0.000		     NaN	     NaN	     NaN	
      42	  21.672	0.004054	  1.3745	 -0.0934	  1.2788	-0.503816	     NaN	     NaN	9.959E+5	   0.088	  551.09	   30.25	  260.00	   0.000		     NaN	     NaN	     NaN	
      43	  22.159	0.000386	  1.3230	 -0.0937	  1.2254	-0.498638	     NaN	     NaN	9.871E+5	   0.087	  541.43	   29.98	  260.00	   0.000		     NaN	     NaN	     NaN	
      44	  22.665	0.000383	  1.3330	 -0.0937	  1.2302	-0.513297	     NaN	     NaN	1.001E+6	   0.088	  556.38	   30.40	  260.00	   0.000		     NaN	     NaN	     NaN	
