   Runnr	   Alpha	      Cd	      Cl	      Cm	      Cn	      Ct	Cd-press	Cl-press	      Re	       M	       Q	       V	  Z_w.r.	    Flap	 Cn-corr	 Ct-corr	 Cm-corr
       /	 degrees	       /	       /	       /	       /	       /	       /	       /	       /	       /	      Pa	     m/s	      mm	 degrees	       /	       /	       /
      52	 -10.062	0.153307	 -0.3360	 -0.0016	 -0.3576	0.092242	     NaN	     NaN	5.037E+5	   0.043	  131.56	   14.80	   81.83	   0.000		     NaN	     NaN	     NaN	
      53	  -9.069	0.127903	 -0.3191	 -0.0015	 -0.3352	0.076014	     NaN	     NaN	5.043E+5	   0.043	  131.85	   14.82	   78.37	   0.000		     NaN	     NaN	     NaN	
      54	  -8.065	0.107169	 -0.3063	 -0.0015	 -0.3183	0.063140	     NaN	     NaN	5.051E+5	   0.043	  132.27	   14.84	   81.82	   0.000		     NaN	     NaN	     NaN	
      55	  -7.056	0.097874	 -0.2818	 -0.0014	 -0.2917	0.062515	     NaN	     NaN	5.065E+5	   0.043	  133.00	   14.88	   78.28	   0.000		     NaN	     NaN	     NaN	
      56	  -6.046	0.085423	 -0.2557	 -0.0012	 -0.2633	0.058010	     NaN	     NaN	5.076E+5	   0.043	  133.54	   14.91	   81.68	   0.000		     NaN	     NaN	     NaN	
      57	  -5.043	0.075394	 -0.2277	 -0.0011	 -0.2334	0.055086	     NaN	     NaN	4.943E+5	   0.042	  126.66	   14.52	   78.30	   0.000		     NaN	     NaN	     NaN	
      58	  -4.039	0.067776	 -0.1867	 -0.0009	 -0.1910	0.054460	     NaN	     NaN	4.953E+5	   0.042	  127.13	   14.55	   81.82	   0.000		     NaN	     NaN	     NaN	
      59	  -3.028	0.057374	 -0.1149	 -0.0005	 -0.1177	0.051227	     NaN	     NaN	4.960E+5	   0.042	  127.52	   14.57	   78.23	   0.000		     NaN	     NaN	     NaN	
      60	  -1.999	0.052915	 -0.0050	 -0.0000	 -0.0069	0.052707	     NaN	     NaN	4.968E+5	   0.042	  127.91	   14.59	   81.74	   0.000		     NaN	     NaN	     NaN	
      61	  -0.970	0.043402	  0.1255	  0.0006	  0.1247	0.045520	     NaN	     NaN	4.972E+5	   0.042	  128.07	   14.60	   78.34	   0.000		     NaN	     NaN	     NaN	
      62	   0.055	0.037721	  0.2512	  0.0012	  0.2513	0.037479	     NaN	     NaN	4.976E+5	   0.042	  128.29	   14.61	   81.74	   0.000		     NaN	     NaN	     NaN	
      63	   1.071	0.033839	  0.3704	  0.0018	  0.3710	0.026911	     NaN	     NaN	4.980E+5	   0.042	  128.46	   14.62	   78.05	   0.000		     NaN	     NaN	     NaN	
      64	   2.091	0.030944	  0.4922	  0.0023	  0.4930	0.012964	     NaN	     NaN	4.983E+5	   0.042	  128.62	   14.63	   81.88	   0.000		     NaN	     NaN	     NaN	
      65	   3.119	0.027816	  0.6162	  0.0029	  0.6168	-0.005754	     NaN	     NaN	4.985E+5	   0.042	  128.71	   14.64	   78.19	   0.000		     NaN	     NaN	     NaN	
      66	   4.146	0.026006	  0.7345	  0.0035	  0.7344	-0.027161	     NaN	     NaN	4.984E+5	   0.042	  128.67	   14.63	   81.77	   0.000		     NaN	     NaN	     NaN	
      67	   5.158	0.024564	  0.8503	  0.0040	  0.8490	-0.051972	     NaN	     NaN	4.983E+5	   0.042	  128.63	   14.63	   78.35	   0.000		     NaN	     NaN	     NaN	
      68	   6.186	0.024049	  0.9552	  0.0045	  0.9523	-0.079016	     NaN	     NaN	4.982E+5	   0.042	  128.55	   14.63	   81.80	   0.000		     NaN	     NaN	     NaN	
      69	   7.198	0.024318	  1.0559	  0.0050	  1.0507	-0.108186	     NaN	     NaN	4.979E+5	   0.042	  128.41	   14.62	   78.18	   0.000		     NaN	     NaN	     NaN	
      70	   8.224	0.024936	  1.1500	  0.0055	  1.1417	-0.139819	     NaN	     NaN	4.977E+5	   0.042	  128.29	   14.61	   81.62	   0.000		     NaN	     NaN	     NaN	
      71	   9.235	0.025429	  1.2389	  0.0059	  1.2269	-0.173718	     NaN	     NaN	4.974E+5	   0.042	  128.09	   14.60	   78.12	   0.000		     NaN	     NaN	     NaN	
      72	  10.254	0.026805	  1.3196	  0.0063	  1.3033	-0.208544	     NaN	     NaN	4.971E+5	   0.042	  127.96	   14.59	   81.79	   0.000		     NaN	     NaN	     NaN	
      73	  11.270	0.029392	  1.3951	  0.0066	  1.3739	-0.243805	     NaN	     NaN	4.967E+5	   0.042	  127.73	   14.58	   78.35	   0.000		     NaN	     NaN	     NaN	
      74	  11.466	0.029479	  1.4078	  0.0067	  1.3855	-0.250961	     NaN	     NaN	4.967E+5	   0.042	  127.71	   14.58	   81.84	   0.000		     NaN	     NaN	     NaN	
      75	  11.667	0.030264	  1.4207	  0.0068	  1.3975	-0.257655	     NaN	     NaN	4.965E+5	   0.042	  127.61	   14.57	   78.37	   0.000		     NaN	     NaN	     NaN	
      76	  11.867	0.030342	  1.4344	  0.0068	  1.4100	-0.265298	     NaN	     NaN	4.964E+5	   0.042	  127.59	   14.57	   81.78	   0.000		     NaN	     NaN	     NaN	
      77	  12.068	0.031382	  1.4478	  0.0069	  1.4224	-0.272012	     NaN	     NaN	4.964E+5	   0.042	  127.57	   14.57	   78.13	   0.000		     NaN	     NaN	     NaN	
      78	  12.283	0.031963	  1.4608	  0.0070	  1.4342	-0.279543	     NaN	     NaN	4.964E+5	   0.042	  127.53	   14.57	   81.85	   0.000		     NaN	     NaN	     NaN	
      79	  12.480	0.033136	  1.4735	  0.0070	  1.4458	-0.286063	     NaN	     NaN	4.962E+5	   0.042	  127.46	   14.56	   78.19	   0.000		     NaN	     NaN	     NaN	
      80	  12.683	0.033602	  1.4827	  0.0071	  1.4539	-0.292754	     NaN	     NaN	4.963E+5	   0.042	  127.49	   14.56	   81.83	   0.000		     NaN	     NaN	     NaN	
      81	  12.880	0.034620	  1.4956	  0.0071	  1.4657	-0.299644	     NaN	     NaN	4.961E+5	   0.042	  127.38	   14.56	   78.17	   0.000		     NaN	     NaN	     NaN	
      82	  13.094	0.035436	  1.5053	  0.0072	  1.4742	-0.306513	     NaN	     NaN	4.960E+5	   0.042	  127.34	   14.56	   81.81	   0.000		     NaN	     NaN	     NaN	
      83	  13.287	0.036522	  1.5159	  0.0072	  1.4837	-0.312866	     NaN	     NaN	4.960E+5	   0.042	  127.32	   14.55	   78.12	   0.000		     NaN	     NaN	     NaN	
      84	  13.491	0.037323	  1.5254	  0.0073	  1.4920	-0.319561	     NaN	     NaN	4.959E+5	   0.042	  127.27	   14.55	   81.72	   0.000		     NaN	     NaN	     NaN	
      85	  13.697	0.038858	  1.5332	  0.0073	  1.4988	-0.325296	     NaN	     NaN	4.958E+5	   0.042	  127.19	   14.55	   78.19	   0.000		     NaN	     NaN	     NaN	
      86	  13.886	0.040360	  1.5406	  0.0073	  1.5053	-0.330557	     NaN	     NaN	4.957E+5	   0.042	  127.17	   14.55	   81.95	   0.000		     NaN	     NaN	     NaN	
      87	  14.093	0.042675	  1.5476	  0.0074	  1.5114	-0.335433	     NaN	     NaN	4.957E+5	   0.042	  127.15	   14.54	   78.22	   0.000		     NaN	     NaN	     NaN	
      88	  14.305	0.044772	  1.5516	  0.0074	  1.5146	-0.339984	     NaN	     NaN	4.957E+5	   0.042	  127.13	   14.54	   81.80	   0.000		     NaN	     NaN	     NaN	
      89	  14.491	0.049178	  1.5565	  0.0074	  1.5193	-0.341859	     NaN	     NaN	4.956E+5	   0.042	  127.10	   14.54	   78.34	   0.000		     NaN	     NaN	     NaN	
      90	  14.704	0.091934	  1.5467	  0.0074	  1.5194	-0.303660	     NaN	     NaN	4.969E+5	   0.042	  127.72	   14.58	   81.61	   0.000		     NaN	     NaN	     NaN	
      91	  14.890	0.110669	  1.5406	  0.0074	  1.5173	-0.288936	     NaN	     NaN	4.968E+5	   0.042	  127.67	   14.57	   78.36	   0.000		     NaN	     NaN	     NaN	
      92	  15.086	0.192788	  1.4689	  0.0072	  1.4684	-0.196161	     NaN	     NaN	4.975E+5	   0.042	  127.99	   14.59	   81.78	   0.000		     NaN	     NaN	     NaN	Wake not in center of rake!; 
      93	  15.179	0.000809	  0.9245	  0.0044	  0.8925	-0.241298	     NaN	     NaN	5.024E+5	   0.043	  130.57	   14.74	   40.00	   0.000		     NaN	     NaN	     NaN	
      94	  16.178	0.001942	  0.9705	  0.0046	  0.9327	-0.268552	     NaN	     NaN	4.986E+5	   0.042	  128.57	   14.62	   40.00	   0.000		     NaN	     NaN	     NaN	
      95	  17.179	0.000095	  0.9523	  0.0045	  0.9098	-0.281175	     NaN	     NaN	4.943E+5	   0.042	  126.39	   14.50	   40.00	   0.000		     NaN	     NaN	     NaN	
      96	  18.177	0.004276	  0.8978	  0.0043	  0.8544	-0.276014	     NaN	     NaN	4.926E+5	   0.042	  125.49	   14.45	   40.00	   0.000		     NaN	     NaN	     NaN	
      97	  19.178	0.011339	  0.9358	  0.0044	  0.8876	-0.296693	     NaN	     NaN	5.060E+5	   0.043	  132.39	   14.84	   40.00	   0.000		     NaN	     NaN	     NaN	
      98	  20.176	0.012590	  0.9569	  0.0045	  0.9025	-0.318201	     NaN	     NaN	5.043E+5	   0.043	  131.51	   14.79	   40.00	   0.000		     NaN	     NaN	     NaN	
      99	  21.189	0.013882	  1.0064	  0.0048	  0.9434	-0.350816	     NaN	     NaN	5.008E+5	   0.043	  129.72	   14.69	   40.00	   0.000		     NaN	     NaN	     NaN	
     100	  22.195	0.008429	  1.0519	  0.0050	  0.9772	-0.389577	     NaN	     NaN	4.961E+5	   0.042	  127.32	   14.55	   40.00	   0.000		     NaN	     NaN	     NaN	
     101	  23.218	0.012576	  1.1100	  0.0053	  1.0250	-0.426030	     NaN	     NaN	5.058E+5	   0.043	  132.32	   14.84	   40.00	   0.000		     NaN	     NaN	     NaN	
