   Runnr	   Alpha	      Cd	      Cl	      Cm	      Cn	      Ct	Cd-press	Cl-press	      Re	       M	       Q	       V	  Z_w.r.	    Flap	 Cn-corr	 Ct-corr	 Cm-corr
       /	 degrees	       /	       /	       /	       /	       /	       /	       /	       /	       /	      Pa	     m/s	      mm	 degrees	       /	       /	       /
       1	 -10.116	0.000000	 -0.2698	 -0.1010	 -0.2656	-0.047387	     NaN	     NaN	5.132E+5	   0.045	  147.58	   15.68	  260.00	   0.000		     NaN	     NaN	     NaN	
       2	  -9.098	0.126379	 -0.2086	 -0.0988	 -0.2260	0.091803	     NaN	     NaN	5.107E+5	   0.045	  146.11	   15.60	  328.64	   0.000		     NaN	     NaN	     NaN	
       3	  -8.106	0.111359	 -0.1938	 -0.0990	 -0.2076	0.082917	     NaN	     NaN	4.957E+5	   0.044	  137.63	   15.14	  331.46	   0.000		     NaN	     NaN	     NaN	
       4	  -7.099	0.101712	 -0.1808	 -0.0991	 -0.1920	0.078585	     NaN	     NaN	4.965E+5	   0.044	  138.06	   15.17	  328.69	   0.000		     NaN	     NaN	     NaN	
       5	  -6.094	0.088201	 -0.1606	 -0.0992	 -0.1691	0.070648	     NaN	     NaN	4.973E+5	   0.044	  138.48	   15.19	  331.22	   0.000		     NaN	     NaN	     NaN	
       6	  -5.093	0.079240	 -0.1387	 -0.0993	 -0.1451	0.066619	     NaN	     NaN	4.981E+5	   0.044	  138.90	   15.21	  328.77	   0.000		     NaN	     NaN	     NaN	
       7	  -4.082	0.071586	 -0.1153	 -0.0993	 -0.1201	0.063194	     NaN	     NaN	4.990E+5	   0.044	  139.38	   15.24	  331.24	   0.000		     NaN	     NaN	     NaN	
       8	  -3.081	0.063568	 -0.0767	 -0.0992	 -0.0800	0.059353	     NaN	     NaN	4.996E+5	   0.044	  139.70	   15.25	  328.66	   0.000		     NaN	     NaN	     NaN	
       9	  -2.073	0.057932	 -0.0191	 -0.0991	 -0.0211	0.057205	     NaN	     NaN	5.005E+5	   0.044	  140.17	   15.28	  331.41	   0.000		     NaN	     NaN	     NaN	
      10	  -1.052	0.050417	  0.0817	 -0.0987	  0.0807	0.051908	     NaN	     NaN	5.011E+5	   0.044	  140.47	   15.29	  328.56	   0.000		     NaN	     NaN	     NaN	
      11	  -0.020	0.040811	  0.2160	 -0.0983	  0.2160	0.040888	     NaN	     NaN	5.016E+5	   0.044	  140.73	   15.31	  331.35	   0.000		     NaN	     NaN	     NaN	
      12	   0.997	0.033080	  0.3709	 -0.0977	  0.3714	0.026619	     NaN	     NaN	5.017E+5	   0.044	  140.80	   15.31	  328.70	   0.000		     NaN	     NaN	     NaN	
      13	   2.021	0.028260	  0.5228	 -0.0971	  0.5235	0.009804	     NaN	     NaN	5.020E+5	   0.044	  140.90	   15.32	  331.23	   0.000		     NaN	     NaN	     NaN	
      14	   3.054	0.025249	  0.6644	 -0.0965	  0.6648	-0.010182	     NaN	     NaN	5.020E+5	   0.044	  140.88	   15.31	  328.71	   0.000		     NaN	     NaN	     NaN	
      15	   4.076	0.023811	  0.7886	 -0.0960	  0.7883	-0.032306	     NaN	     NaN	5.020E+5	   0.044	  140.87	   15.31	  331.37	   0.000		     NaN	     NaN	     NaN	
      16	   5.097	0.022400	  0.9041	 -0.0955	  0.9025	-0.058010	     NaN	     NaN	5.018E+5	   0.044	  140.70	   15.30	  328.72	   0.000		     NaN	     NaN	     NaN	
      17	   6.105	0.021363	  1.0067	 -0.0951	  1.0033	-0.085828	     NaN	     NaN	5.016E+5	   0.044	  140.63	   15.30	  331.22	   0.000		     NaN	     NaN	     NaN	
      18	   7.131	0.021029	  1.1113	 -0.0946	  1.1053	-0.117099	     NaN	     NaN	5.013E+5	   0.044	  140.42	   15.29	  328.71	   0.000		     NaN	     NaN	     NaN	
      19	   8.148	0.021302	  1.2040	 -0.0942	  1.1949	-0.149567	     NaN	     NaN	5.012E+5	   0.044	  140.34	   15.28	  331.43	   0.000		     NaN	     NaN	     NaN	
      20	   9.158	0.021670	  1.2930	 -0.0938	  1.2799	-0.184385	     NaN	     NaN	5.008E+5	   0.044	  140.10	   15.27	  328.67	   0.000		     NaN	     NaN	     NaN	
      21	  10.173	0.022439	  1.3760	 -0.0934	  1.3583	-0.220939	     NaN	     NaN	5.006E+5	   0.044	  139.95	   15.26	  331.30	   0.000		     NaN	     NaN	     NaN	
      22	  11.191	0.023794	  1.4528	 -0.0930	  1.4298	-0.258620	     NaN	     NaN	5.002E+5	   0.044	  139.72	   15.25	  328.75	   0.000		     NaN	     NaN	     NaN	
      23	  12.200	0.025384	  1.5213	 -0.0927	  1.4923	-0.296675	     NaN	     NaN	4.999E+5	   0.044	  139.50	   15.23	  331.19	   0.000		     NaN	     NaN	     NaN	
      24	  12.706	0.026518	  1.5516	 -0.0925	  1.5194	-0.315394	     NaN	     NaN	4.997E+5	   0.044	  139.37	   15.23	  328.53	   0.000		     NaN	     NaN	     NaN	
      25	  13.214	0.028200	  1.5765	 -0.0924	  1.5412	-0.332920	     NaN	     NaN	4.995E+5	   0.044	  139.26	   15.22	  331.24	   0.000		     NaN	     NaN	     NaN	
      26	  13.719	0.029624	  1.5993	 -0.0922	  1.5607	-0.350515	     NaN	     NaN	4.992E+5	   0.044	  139.07	   15.21	  328.56	   0.000		     NaN	     NaN	     NaN	
      27	  14.208	0.031683	  1.6149	 -0.0921	  1.5733	-0.365654	     NaN	     NaN	4.989E+5	   0.044	  138.86	   15.20	  331.27	   0.000		     NaN	     NaN	     NaN	
      28	  14.718	0.034191	  1.6275	 -0.0920	  1.5828	-0.380409	     NaN	     NaN	4.985E+5	   0.044	  138.62	   15.19	  328.77	   0.000		     NaN	     NaN	     NaN	
      29	  15.215	0.034405	  1.6112	 -0.0921	  1.5637	-0.389651	     NaN	     NaN	4.962E+5	   0.044	  137.34	   15.11	  331.31	   0.000		     NaN	     NaN	     NaN	
      30	  15.722	0.035327	  1.6081	 -0.0921	  1.5575	-0.401740	     NaN	     NaN	4.946E+5	   0.044	  136.44	   15.07	  328.66	   0.000		     NaN	     NaN	     NaN	
      31	  16.214	0.030612	  1.6023	 -0.0922	  1.5471	-0.418027	     NaN	     NaN	4.952E+5	   0.044	  136.78	   15.08	  331.22	   0.000		     NaN	     NaN	     NaN	
      32	  16.713	0.030859	  1.5892	 -0.0922	  1.5310	-0.427464	     NaN	     NaN	4.952E+5	   0.044	  136.76	   15.08	  328.75	   0.000		     NaN	     NaN	     NaN	
      33	  17.210	0.038787	  1.5707	 -0.0921	  1.5118	-0.427678	     NaN	     NaN	4.944E+5	   0.044	  136.33	   15.06	  331.23	   0.000		     NaN	     NaN	     NaN	
      34	  17.712	0.056029	  1.5517	 -0.0919	  1.4952	-0.418707	     NaN	     NaN	4.936E+5	   0.044	  135.84	   15.03	  328.57	   0.000		     NaN	     NaN	     NaN	
      35	  18.206	0.072736	  1.5361	 -0.0917	  1.4819	-0.410843	     NaN	     NaN	4.988E+5	   0.044	  138.68	   15.19	  331.33	   0.000		     NaN	     NaN	     NaN	
      36	  18.698	0.099018	  1.5216	 -0.0913	  1.4731	-0.394003	     NaN	     NaN	4.985E+5	   0.044	  138.51	   15.18	  328.76	   0.000		     NaN	     NaN	     NaN	
      37	  19.204	0.127188	  1.5067	 -0.0909	  1.4647	-0.375512	     NaN	     NaN	4.987E+5	   0.044	  138.58	   15.18	  331.42	   0.000		     NaN	     NaN	     NaN	Wake not in center of rake!; 
      38	  19.703	0.142960	  1.4925	 -0.0907	  1.4533	-0.368587	     NaN	     NaN	4.980E+5	   0.044	  138.16	   15.16	  328.63	   0.000		     NaN	     NaN	     NaN	
      39	  20.201	0.156025	  1.4751	 -0.0905	  1.4382	-0.362943	     NaN	     NaN	4.975E+5	   0.044	  137.85	   15.14	  331.24	   0.000		     NaN	     NaN	     NaN	
      40	  20.692	0.166295	  1.4613	 -0.0904	  1.4258	-0.360776	     NaN	     NaN	4.967E+5	   0.044	  137.39	   15.11	  328.78	   0.000		     NaN	     NaN	     NaN	
      41	  21.187	0.171236	  1.4487	 -0.0904	  1.4126	-0.363904	     NaN	     NaN	4.954E+5	   0.044	  136.69	   15.08	  331.37	   0.000		     NaN	     NaN	     NaN	
      42	  21.686	0.079525	  1.4009	 -0.0921	  1.3311	-0.443744	     NaN	     NaN	4.993E+5	   0.044	  138.82	   15.19	  328.88	   0.000		     NaN	     NaN	     NaN	
      43	  22.170	0.092963	  1.3905	 -0.0919	  1.3227	-0.438622	     NaN	     NaN	4.985E+5	   0.044	  138.40	   15.17	  331.09	   0.000		     NaN	     NaN	     NaN	
      44	  22.674	0.104447	  1.3834	 -0.0918	  1.3168	-0.436908	     NaN	     NaN	4.971E+5	   0.044	  137.58	   15.12	  328.48	   0.000		     NaN	     NaN	     NaN	
      45	  23.176	0.109658	  1.3749	 -0.0917	  1.3071	-0.440301	     NaN	     NaN	4.956E+5	   0.044	  136.72	   15.08	  331.34	   0.000		     NaN	     NaN	     NaN	
      46	  23.684	0.126071	  1.3734	 -0.0914	  1.3084	-0.436259	     NaN	     NaN	4.944E+5	   0.044	  136.05	   15.04	  328.70	   0.000		     NaN	     NaN	     NaN	
      47	  24.184	0.141762	  1.3652	 -0.0912	  1.3034	-0.429948	     NaN	     NaN	5.012E+5	   0.044	  139.82	   15.25	  331.33	   0.000		     NaN	     NaN	     NaN	
      48	  24.682	0.160889	  1.3646	 -0.0908	  1.3072	-0.423649	     NaN	     NaN	5.003E+5	   0.044	  139.30	   15.22	  328.62	   0.000		     NaN	     NaN	     NaN	
      49	  25.169	0.176904	  1.3478	 -0.0906	  1.2951	-0.413089	     NaN	     NaN	4.993E+5	   0.044	  138.75	   15.19	  331.29	   0.000		     NaN	     NaN	     NaN	
