   Runnr	   Alpha	      Cd	      Cl	      Cm	      Cn	      Ct	Cd-press	Cl-press	      Re	       M	       Q	       V	  Z_w.r.	    Flap	 Cn-corr	 Ct-corr	 Cm-corr
       /	 degrees	       /	       /	       /	       /	       /	       /	       /	       /	       /	      Pa	     m/s	      mm	 degrees	       /	       /	       /
       1	 -10.066	0.132691	 -0.3181	 -0.0015	 -0.3364	0.075046	     NaN	     NaN	9.922E+5	   0.084	  508.55	   29.08	   81.29	   0.000		     NaN	     NaN	     NaN	
       2	  -9.061	0.119868	 -0.2989	 -0.0015	 -0.3141	0.071294	     NaN	     NaN	9.944E+5	   0.084	  511.03	   29.15	   78.67	   0.000		     NaN	     NaN	     NaN	
       3	  -8.054	0.109074	 -0.2833	 -0.0014	 -0.2958	0.068307	     NaN	     NaN	9.964E+5	   0.085	  513.27	   29.22	   81.39	   0.000		     NaN	     NaN	     NaN	
       4	  -7.053	0.096203	 -0.2653	 -0.0013	 -0.2751	0.062900	     NaN	     NaN	9.977E+5	   0.085	  514.73	   29.26	   78.87	   0.000		     NaN	     NaN	     NaN	
       5	  -6.045	0.084620	 -0.2459	 -0.0012	 -0.2534	0.058257	     NaN	     NaN	9.989E+5	   0.085	  516.10	   29.30	   81.36	   0.000		     NaN	     NaN	     NaN	
       6	  -5.035	0.075709	 -0.2187	 -0.0011	 -0.2245	0.056227	     NaN	     NaN	1.000E+6	   0.085	  517.77	   29.35	   78.60	   0.000		     NaN	     NaN	     NaN	
       7	  -4.031	0.066202	 -0.1785	 -0.0009	 -0.1828	0.053487	     NaN	     NaN	1.002E+6	   0.085	  519.40	   29.40	   81.29	   0.000		     NaN	     NaN	     NaN	
       8	  -3.020	0.058650	 -0.1086	 -0.0005	 -0.1115	0.052849	     NaN	     NaN	1.003E+6	   0.085	  520.93	   29.44	   78.95	   0.000		     NaN	     NaN	     NaN	
       9	  -1.994	0.050169	  0.0008	  0.0000	 -0.0010	0.050166	     NaN	     NaN	1.005E+6	   0.085	  522.49	   29.48	   81.39	   0.000		     NaN	     NaN	     NaN	
      10	  -0.971	0.043061	  0.1360	  0.0007	  0.1352	0.045360	     NaN	     NaN	1.006E+6	   0.085	  523.75	   29.52	   78.65	   0.000		     NaN	     NaN	     NaN	
      11	   0.050	0.037927	  0.2713	  0.0013	  0.2713	0.037691	     NaN	     NaN	1.006E+6	   0.085	  524.34	   29.54	   81.32	   0.000		     NaN	     NaN	     NaN	
      12	   1.078	0.034783	  0.4070	  0.0019	  0.4075	0.027120	     NaN	     NaN	1.007E+6	   0.086	  525.02	   29.56	   78.65	   0.000		     NaN	     NaN	     NaN	
      13	   2.098	0.032118	  0.5282	  0.0025	  0.5290	0.012758	     NaN	     NaN	1.007E+6	   0.086	  525.09	   29.56	   81.35	   0.000		     NaN	     NaN	     NaN	
      14	   3.123	0.029644	  0.6361	  0.0030	  0.6367	-0.005054	     NaN	     NaN	1.007E+6	   0.086	  524.99	   29.56	   78.93	   0.000		     NaN	     NaN	     NaN	
      15	   4.136	0.026810	  0.7362	  0.0035	  0.7362	-0.026351	     NaN	     NaN	1.007E+6	   0.086	  524.82	   29.55	   81.05	   0.000		     NaN	     NaN	     NaN	
      16	   5.162	0.025259	  0.8339	  0.0040	  0.8328	-0.049873	     NaN	     NaN	1.006E+6	   0.085	  524.61	   29.55	   78.97	   0.000		     NaN	     NaN	     NaN	
      17	   6.183	0.024751	  0.9378	  0.0045	  0.9350	-0.076390	     NaN	     NaN	1.006E+6	   0.085	  524.20	   29.54	   81.40	   0.000		     NaN	     NaN	     NaN	
      18	   7.202	0.024704	  1.0348	  0.0049	  1.0297	-0.105221	     NaN	     NaN	1.005E+6	   0.085	  523.68	   29.52	   78.94	   0.000		     NaN	     NaN	     NaN	
      19	   8.213	0.025488	  1.1264	  0.0054	  1.1185	-0.135679	     NaN	     NaN	1.005E+6	   0.085	  522.80	   29.50	   81.36	   0.000		     NaN	     NaN	     NaN	
      20	   9.230	0.027196	  1.2099	  0.0058	  1.1986	-0.167211	     NaN	     NaN	1.004E+6	   0.085	  521.95	   29.47	   78.83	   0.000		     NaN	     NaN	     NaN	
      21	  10.249	0.029378	  1.2894	  0.0062	  1.2740	-0.200514	     NaN	     NaN	1.003E+6	   0.085	  521.15	   29.45	   81.36	   0.000		     NaN	     NaN	     NaN	
      22	  11.256	0.033207	  1.3561	  0.0065	  1.3364	-0.232120	     NaN	     NaN	1.002E+6	   0.085	  519.94	   29.42	   78.65	   0.000		     NaN	     NaN	     NaN	
      23	  11.456	0.034700	  1.3661	  0.0065	  1.3458	-0.237320	     NaN	     NaN	1.002E+6	   0.085	  519.82	   29.42	   81.42	   0.000		     NaN	     NaN	     NaN	
      24	  11.663	0.036579	  1.3753	  0.0066	  1.3543	-0.242203	     NaN	     NaN	1.001E+6	   0.085	  519.38	   29.40	   79.06	   0.000		     NaN	     NaN	     NaN	
      25	  11.817	0.145879	  1.1046	  0.0054	  1.1110	-0.083407	     NaN	     NaN	9.920E+5	   0.084	  509.87	   29.14	   81.34	   0.000		     NaN	     NaN	     NaN	Wake not in center of rake!; 
      26	  11.994	0.206733	  1.0026	  0.0049	  1.0237	-0.006124	     NaN	     NaN	9.926E+5	   0.084	  510.50	   29.16	   78.68	   0.000		     NaN	     NaN	     NaN	Wake not in center of rake!; 
      27	  12.195	0.007782	  1.0152	  0.0048	  0.9940	-0.206846	     NaN	     NaN	9.895E+5	   0.084	  507.57	   29.07	  120.00	   0.000		     NaN	     NaN	     NaN	
      28	  12.387	0.005982	  1.0228	  0.0049	  1.0003	-0.213559	     NaN	     NaN	9.883E+5	   0.084	  506.35	   29.03	  120.00	   0.000		     NaN	     NaN	     NaN	
      29	  12.586	0.008112	  1.0107	  0.0048	  0.9882	-0.212326	     NaN	     NaN	9.877E+5	   0.084	  505.73	   29.02	  120.00	   0.000		     NaN	     NaN	     NaN	
      30	  12.790	0.005969	  1.0034	  0.0048	  0.9798	-0.216300	     NaN	     NaN	9.867E+5	   0.084	  504.79	   28.99	  120.00	   0.000		     NaN	     NaN	     NaN	
      31	  12.991	0.006878	  1.0023	  0.0048	  0.9781	-0.218609	     NaN	     NaN	9.860E+5	   0.084	  504.04	   28.97	  120.00	   0.000		     NaN	     NaN	     NaN	
      32	  13.199	0.006103	  0.9967	  0.0047	  0.9718	-0.221651	     NaN	     NaN	9.853E+5	   0.084	  503.32	   28.95	  120.00	   0.000		     NaN	     NaN	     NaN	
      33	  13.383	0.009506	  1.0000	  0.0048	  0.9750	-0.222214	     NaN	     NaN	9.843E+5	   0.084	  502.30	   28.92	  120.00	   0.000		     NaN	     NaN	     NaN	
      34	  13.594	0.009132	  0.9922	  0.0047	  0.9666	-0.224341	     NaN	     NaN	9.997E+5	   0.085	  518.18	   29.37	  120.00	   0.000		     NaN	     NaN	     NaN	
      35	  13.789	0.007623	  0.9933	  0.0047	  0.9665	-0.229351	     NaN	     NaN	9.987E+5	   0.085	  517.18	   29.34	  120.00	   0.000		     NaN	     NaN	     NaN	
      36	  13.988	0.008038	  0.9909	  0.0047	  0.9635	-0.231728	     NaN	     NaN	9.975E+5	   0.085	  515.96	   29.31	  120.00	   0.000		     NaN	     NaN	     NaN	
      37	  14.187	0.007712	  0.9863	  0.0047	  0.9581	-0.234249	     NaN	     NaN	9.968E+5	   0.085	  515.34	   29.29	  120.00	   0.000		     NaN	     NaN	     NaN	
      38	  14.382	0.007577	  0.9886	  0.0047	  0.9595	-0.238217	     NaN	     NaN	9.956E+5	   0.085	  514.01	   29.25	  120.00	   0.000		     NaN	     NaN	     NaN	
      39	  14.587	0.005584	  0.9853	  0.0047	  0.9550	-0.242740	     NaN	     NaN	9.946E+5	   0.085	  513.04	   29.23	  120.00	   0.000		     NaN	     NaN	     NaN	
      40	  14.780	0.005285	  0.9805	  0.0047	  0.9494	-0.245014	     NaN	     NaN	9.938E+5	   0.084	  512.24	   29.20	  120.00	   0.000		     NaN	     NaN	     NaN	
      41	  14.986	0.003874	  0.9838	  0.0047	  0.9513	-0.250637	     NaN	     NaN	9.924E+5	   0.084	  510.86	   29.17	  120.00	   0.000		     NaN	     NaN	     NaN	
      42	  15.186	0.003562	  0.9776	  0.0047	  0.9444	-0.252650	     NaN	     NaN	9.904E+5	   0.084	  508.76	   29.11	  120.00	   0.000		     NaN	     NaN	     NaN	
      43	  16.182	0.001233	  0.9685	  0.0046	  0.9305	-0.268723	     NaN	     NaN	9.854E+5	   0.084	  503.70	   28.96	  120.00	   0.000		     NaN	     NaN	     NaN	
      44	  17.184	0.001018	  0.9753	  0.0046	  0.9321	-0.287180	     NaN	     NaN	1.001E+6	   0.085	  519.59	   29.41	  120.00	   0.000		     NaN	     NaN	     NaN	
      45	  18.193	0.000655	  0.9997	  0.0048	  0.9500	-0.311514	     NaN	     NaN	9.952E+5	   0.085	  513.78	   29.25	  120.00	   0.000		     NaN	     NaN	     NaN	
      46	  19.197	0.001048	  1.0341	  0.0049	  0.9770	-0.339038	     NaN	     NaN	9.893E+5	   0.084	  507.74	   29.08	  120.00	   0.000		     NaN	     NaN	     NaN	
      47	  20.203	0.000750	  1.0835	  0.0052	  1.0171	-0.373501	     NaN	     NaN	9.996E+5	   0.085	  518.36	   29.38	  120.00	   0.000		     NaN	     NaN	     NaN	
      48	  21.213	0.000788	  1.1288	  0.0054	  1.0526	-0.407707	     NaN	     NaN	9.946E+5	   0.085	  513.26	   29.24	  120.00	   0.000		     NaN	     NaN	     NaN	
      49	  22.228	0.000956	  1.1860	  0.0057	  1.0983	-0.447783	     NaN	     NaN	9.863E+5	   0.084	  504.79	   28.99	  120.00	   0.000		     NaN	     NaN	     NaN	
      50	  23.227	0.000967	  1.1934	  0.0057	  1.0971	-0.469752	     NaN	     NaN	1.003E+6	   0.085	  522.52	   29.50	  120.00	   0.000		     NaN	     NaN	     NaN	
