   Runnr	   Alpha	      Cd	      Cl	      Cm	      Cn	      Ct	Cd-press	Cl-press	      Re	       M	       Q	       V	  Z_w.r.	    Flap	 Cn-corr	 Ct-corr	 Cm-corr
       /	 degrees	       /	       /	       /	       /	       /	       /	       /	       /	       /	      Pa	     m/s	      mm	 degrees	       /	       /	       /
       1	 -10.110	0.146523	 -0.2250	 -0.0986	 -0.2472	0.104753	     NaN	     NaN	9.917E+5	   0.087	  546.37	   30.15	  330.70	   0.000		     NaN	     NaN	     NaN	
       2	  -9.108	0.129054	 -0.2009	 -0.0987	 -0.2188	0.095625	     NaN	     NaN	9.931E+5	   0.088	  548.09	   30.20	  329.19	   0.000		     NaN	     NaN	     NaN	
       3	  -8.108	0.116157	 -0.1876	 -0.0989	 -0.2021	0.088532	     NaN	     NaN	9.937E+5	   0.088	  548.73	   30.22	  330.81	   0.000		     NaN	     NaN	     NaN	
       4	  -7.102	0.107886	 -0.1751	 -0.0990	 -0.1871	0.085407	     NaN	     NaN	9.949E+5	   0.088	  550.18	   30.26	  329.08	   0.000		     NaN	     NaN	     NaN	
       5	  -6.094	0.098340	 -0.1607	 -0.0991	 -0.1702	0.080724	     NaN	     NaN	9.960E+5	   0.088	  551.50	   30.30	  330.89	   0.000		     NaN	     NaN	     NaN	
       6	  -5.093	0.088829	 -0.1393	 -0.0991	 -0.1466	0.076114	     NaN	     NaN	9.971E+5	   0.088	  552.77	   30.33	  329.28	   0.000		     NaN	     NaN	     NaN	
       7	  -4.080	0.086774	 -0.1098	 -0.0990	 -0.1157	0.078741	     NaN	     NaN	9.983E+5	   0.088	  554.30	   30.37	  330.92	   0.000		     NaN	     NaN	     NaN	
       8	  -3.085	0.078439	 -0.0596	 -0.0989	 -0.0638	0.075115	     NaN	     NaN	9.991E+5	   0.088	  555.34	   30.40	  329.31	   0.000		     NaN	     NaN	     NaN	
       9	  -2.057	0.068047	  0.0345	 -0.0987	  0.0320	0.069241	     NaN	     NaN	9.994E+5	   0.088	  555.77	   30.42	  330.88	   0.000		     NaN	     NaN	     NaN	
      10	  -1.041	0.060389	  0.1592	 -0.0982	  0.1581	0.063272	     NaN	     NaN	1.000E+6	   0.088	  556.96	   30.45	  329.37	   0.000		     NaN	     NaN	     NaN	
      11	  -0.023	0.050180	  0.2802	 -0.0979	  0.2802	0.050292	     NaN	     NaN	1.001E+6	   0.088	  558.02	   30.48	  330.84	   0.000		     NaN	     NaN	     NaN	
      12	   1.009	0.044739	  0.4144	 -0.0973	  0.4152	0.037436	     NaN	     NaN	1.002E+6	   0.088	  558.96	   30.51	  329.10	   0.000		     NaN	     NaN	     NaN	
      13	   2.028	0.040043	  0.5404	 -0.0968	  0.5415	0.020894	     NaN	     NaN	1.002E+6	   0.088	  559.17	   30.51	  330.74	   0.000		     NaN	     NaN	     NaN	
      14	   3.043	0.036831	  0.6653	 -0.0963	  0.6663	0.001455	     NaN	     NaN	1.002E+6	   0.088	  559.25	   30.52	  329.12	   0.000		     NaN	     NaN	     NaN	
      15	   4.075	0.032146	  0.7809	 -0.0959	  0.7812	-0.023430	     NaN	     NaN	1.001E+6	   0.088	  558.64	   30.50	  330.88	   0.000		     NaN	     NaN	     NaN	
      16	   5.095	0.030116	  0.8876	 -0.0954	  0.8868	-0.048824	     NaN	     NaN	1.001E+6	   0.088	  558.29	   30.49	  329.13	   0.000		     NaN	     NaN	     NaN	
      17	   6.109	0.028058	  0.9873	 -0.0950	  0.9847	-0.077179	     NaN	     NaN	1.000E+6	   0.088	  557.77	   30.48	  330.86	   0.000		     NaN	     NaN	     NaN	
      18	   7.116	0.027573	  1.0813	 -0.0946	  1.0764	-0.106590	     NaN	     NaN	9.999E+5	   0.088	  557.30	   30.47	  329.17	   0.000		     NaN	     NaN	     NaN	
      19	   8.143	0.025612	  1.1693	 -0.0942	  1.1612	-0.140274	     NaN	     NaN	9.988E+5	   0.088	  556.23	   30.44	  331.06	   0.000		     NaN	     NaN	     NaN	
      20	   9.151	0.025628	  1.2517	 -0.0939	  1.2399	-0.173773	     NaN	     NaN	9.981E+5	   0.088	  555.55	   30.42	  329.12	   0.000		     NaN	     NaN	     NaN	
      21	  10.169	0.026647	  1.3265	 -0.0935	  1.3104	-0.207959	     NaN	     NaN	9.972E+5	   0.088	  554.61	   30.40	  330.86	   0.000		     NaN	     NaN	     NaN	
      22	  11.181	0.029646	  1.3921	 -0.0932	  1.3715	-0.240869	     NaN	     NaN	9.967E+5	   0.088	  554.09	   30.38	  329.32	   0.000		     NaN	     NaN	     NaN	
      23	  12.188	0.032858	  1.4443	 -0.0929	  1.4187	-0.272795	     NaN	     NaN	9.956E+5	   0.088	  552.95	   30.35	  330.65	   0.000		     NaN	     NaN	     NaN	
      24	  12.695	0.034675	  1.4609	 -0.0927	  1.4328	-0.287208	     NaN	     NaN	9.950E+5	   0.088	  552.42	   30.34	  329.36	   0.000		     NaN	     NaN	     NaN	
      25	  13.187	0.071201	  1.4050	 -0.0924	  1.3842	-0.251196	     NaN	     NaN	9.934E+5	   0.088	  550.74	   30.29	  330.76	   0.000		     NaN	     NaN	     NaN	
      26	  13.678	0.172132	  1.3099	 -0.0911	  1.3135	-0.142494	     NaN	     NaN	9.972E+5	   0.088	  554.91	   30.41	  329.15	   0.000		     NaN	     NaN	     NaN	
      27	  14.161	0.182634	  1.2896	 -0.0910	  1.2951	-0.138406	     NaN	     NaN	9.959E+5	   0.088	  553.58	   30.38	  330.85	   0.000		     NaN	     NaN	     NaN	
      28	  14.660	0.193571	  1.2820	 -0.0908	  1.2893	-0.137191	     NaN	     NaN	9.947E+5	   0.088	  552.35	   30.35	  329.34	   0.000		     NaN	     NaN	     NaN	
      29	  15.157	0.000325	  1.3026	 -0.0940	  1.2574	-0.340261	     NaN	     NaN	9.947E+5	   0.088	  552.52	   30.35	  260.00	   0.000		     NaN	     NaN	     NaN	
      30	  15.669	0.000328	  1.3094	 -0.0939	  1.2608	-0.353322	     NaN	     NaN	9.918E+5	   0.088	  549.32	   30.26	  260.00	   0.000		     NaN	     NaN	     NaN	
      31	  16.161	0.000165	  1.3001	 -0.0940	  1.2488	-0.361704	     NaN	     NaN	9.889E+5	   0.087	  546.19	   30.17	  260.00	   0.000		     NaN	     NaN	     NaN	
      32	  16.653	0.000338	  1.2742	 -0.0941	  1.2209	-0.364832	     NaN	     NaN	9.865E+5	   0.087	  543.54	   30.10	  260.00	   0.000		     NaN	     NaN	     NaN	
      33	  17.155	0.000656	  1.2819	 -0.0940	  1.2250	-0.377465	     NaN	     NaN	9.995E+5	   0.088	  557.97	   30.50	  260.00	   0.000		     NaN	     NaN	     NaN	
      34	  17.667	0.000340	  1.2894	 -0.0940	  1.2287	-0.390993	     NaN	     NaN	9.978E+5	   0.088	  556.00	   30.44	  260.00	   0.000		     NaN	     NaN	     NaN	
      35	  18.154	0.000347	  1.2509	 -0.0941	  1.1888	-0.389430	     NaN	     NaN	9.943E+5	   0.088	  552.18	   30.34	  260.00	   0.000		     NaN	     NaN	     NaN	
      36	  18.644	0.000345	  1.2543	 -0.0941	  1.1886	-0.400668	     NaN	     NaN	9.926E+5	   0.088	  550.34	   30.29	  260.00	   0.000		     NaN	     NaN	     NaN	
      37	  19.143	0.000349	  1.2245	 -0.0942	  1.1569	-0.401220	     NaN	     NaN	9.893E+5	   0.087	  546.71	   30.19	  260.00	   0.000		     NaN	     NaN	     NaN	
      38	  19.651	0.000352	  1.2255	 -0.0942	  1.1543	-0.411800	     NaN	     NaN	9.873E+5	   0.087	  544.56	   30.13	  260.00	   0.000		     NaN	     NaN	     NaN	
      39	  20.149	0.000356	  1.2334	 -0.0942	  1.1581	-0.424531	     NaN	     NaN	9.852E+5	   0.087	  542.30	   30.07	  260.00	   0.000		     NaN	     NaN	     NaN	
      40	  20.653	0.000354	  1.2306	 -0.0942	  1.1516	-0.433691	     NaN	     NaN	9.998E+5	   0.088	  558.51	   30.51	  260.00	   0.000		     NaN	     NaN	     NaN	
      41	  21.150	0.000351	  1.2372	 -0.0941	  1.1540	-0.446095	     NaN	     NaN	9.975E+5	   0.088	  556.03	   30.45	  260.00	   0.000		     NaN	     NaN	     NaN	
      42	  21.652	0.000358	  1.2446	 -0.0941	  1.1569	-0.458879	     NaN	     NaN	9.949E+5	   0.088	  553.15	   30.37	  260.00	   0.000		     NaN	     NaN	     NaN	
      43	  22.143	0.000359	  1.2502	 -0.0940	  1.1581	-0.470875	     NaN	     NaN	9.921E+5	   0.088	  550.00	   30.28	  260.00	   0.000		     NaN	     NaN	     NaN	
      44	  22.649	0.000365	  1.2637	 -0.0940	  1.1664	-0.486294	     NaN	     NaN	9.892E+5	   0.087	  546.82	   30.19	  260.00	   0.000		     NaN	     NaN	     NaN	
