   Runnr	   Alpha	      Cd	      Cl	      Cm	      Cn	      Ct	Cd-press	Cl-press	      Re	       M	       Q	       V	  Z_w.r.	    Flap	 Cn-corr	 Ct-corr	 Cm-corr
       /	 degrees	       /	       /	       /	       /	       /	       /	       /	       /	       /	      Pa	     m/s	      mm	 degrees	       /	       /	       /
     138	 -10.107	0.142105	 -0.2310	 -0.0987	 -0.2523	0.099371	     NaN	     NaN	5.004E+5	   0.044	  139.98	   15.28	  329.22	   0.000		     NaN	     NaN	     NaN	
     139	  -9.106	0.126382	 -0.2089	 -0.0988	 -0.2262	0.091735	     NaN	     NaN	5.011E+5	   0.044	  140.37	   15.30	  331.22	   0.000		     NaN	     NaN	     NaN	
     140	  -8.105	0.115092	 -0.1924	 -0.0989	 -0.2067	0.086810	     NaN	     NaN	5.021E+5	   0.044	  140.92	   15.33	  328.53	   0.000		     NaN	     NaN	     NaN	
     141	  -7.106	0.105458	 -0.1811	 -0.0990	 -0.1927	0.082249	     NaN	     NaN	5.031E+5	   0.044	  141.42	   15.35	  331.36	   0.000		     NaN	     NaN	     NaN	
     142	  -6.087	0.097683	 -0.1618	 -0.0991	 -0.1712	0.079976	     NaN	     NaN	5.040E+5	   0.045	  141.94	   15.38	  328.82	   0.000		     NaN	     NaN	     NaN	
     143	  -5.090	0.088977	 -0.1425	 -0.0991	 -0.1498	0.075983	     NaN	     NaN	5.048E+5	   0.045	  142.37	   15.40	  331.40	   0.000		     NaN	     NaN	     NaN	
     144	  -4.085	0.079341	 -0.1174	 -0.0992	 -0.1228	0.070775	     NaN	     NaN	5.055E+5	   0.045	  142.73	   15.42	  328.65	   0.000		     NaN	     NaN	     NaN	
     145	  -3.081	0.070311	 -0.0783	 -0.0991	 -0.0819	0.066002	     NaN	     NaN	5.062E+5	   0.045	  143.15	   15.45	  331.18	   0.000		     NaN	     NaN	     NaN	
     146	  -2.072	0.062968	 -0.0170	 -0.0990	 -0.0192	0.062313	     NaN	     NaN	5.069E+5	   0.045	  143.50	   15.46	  328.80	   0.000		     NaN	     NaN	     NaN	
     147	  -1.054	0.056332	  0.0857	 -0.0986	  0.0847	0.057900	     NaN	     NaN	5.075E+5	   0.045	  143.87	   15.48	  331.20	   0.000		     NaN	     NaN	     NaN	
     148	  -0.024	0.050061	  0.2132	 -0.0982	  0.2132	0.050149	     NaN	     NaN	4.941E+5	   0.044	  136.33	   15.07	  328.77	   0.000		     NaN	     NaN	     NaN	
     149	   1.000	0.042243	  0.3648	 -0.0976	  0.3655	0.035869	     NaN	     NaN	4.945E+5	   0.044	  136.53	   15.08	  331.31	   0.000		     NaN	     NaN	     NaN	
     150	   2.016	0.036938	  0.5157	 -0.0970	  0.5167	0.018770	     NaN	     NaN	4.946E+5	   0.044	  136.59	   15.09	  328.76	   0.000		     NaN	     NaN	     NaN	
     151	   3.053	0.032021	  0.6566	 -0.0965	  0.6574	-0.002990	     NaN	     NaN	4.946E+5	   0.044	  136.58	   15.09	  331.33	   0.000		     NaN	     NaN	     NaN	
     152	   4.068	0.031896	  0.7822	 -0.0959	  0.7825	-0.023677	     NaN	     NaN	4.946E+5	   0.044	  136.57	   15.08	  328.59	   0.000		     NaN	     NaN	     NaN	
     153	   5.089	0.028142	  0.8998	 -0.0954	  0.8987	-0.051786	     NaN	     NaN	4.944E+5	   0.044	  136.46	   15.08	  331.32	   0.000		     NaN	     NaN	     NaN	
     154	   6.112	0.027927	  1.0056	 -0.0950	  1.0028	-0.079304	     NaN	     NaN	4.943E+5	   0.044	  136.38	   15.07	  328.57	   0.000		     NaN	     NaN	     NaN	
     155	   7.131	0.024948	  1.1079	 -0.0946	  1.1024	-0.112775	     NaN	     NaN	4.939E+5	   0.044	  136.18	   15.06	  331.44	   0.000		     NaN	     NaN	     NaN	
     156	   8.149	0.026113	  1.2066	 -0.0941	  1.1981	-0.145189	     NaN	     NaN	4.938E+5	   0.044	  136.10	   15.06	  328.67	   0.000		     NaN	     NaN	     NaN	
     157	   9.155	0.027248	  1.2986	 -0.0937	  1.2864	-0.179714	     NaN	     NaN	4.936E+5	   0.044	  135.94	   15.05	  331.33	   0.000		     NaN	     NaN	     NaN	
     158	  10.179	0.022125	  1.3880	 -0.0933	  1.3701	-0.223509	     NaN	     NaN	4.931E+5	   0.044	  135.65	   15.03	  328.81	   0.000		     NaN	     NaN	     NaN	
     159	  11.196	0.023335	  1.4606	 -0.0930	  1.4373	-0.260703	     NaN	     NaN	4.927E+5	   0.044	  135.46	   15.02	  331.44	   0.000		     NaN	     NaN	     NaN	
     160	  12.201	0.024934	  1.5283	 -0.0926	  1.4991	-0.298645	     NaN	     NaN	5.018E+5	   0.044	  140.51	   15.30	  328.82	   0.000		     NaN	     NaN	     NaN	
     161	  12.707	0.026228	  1.5556	 -0.0925	  1.5233	-0.316581	     NaN	     NaN	5.018E+5	   0.044	  140.45	   15.30	  331.19	   0.000		     NaN	     NaN	     NaN	
     162	  13.215	0.027601	  1.5824	 -0.0924	  1.5468	-0.334894	     NaN	     NaN	5.015E+5	   0.044	  140.31	   15.29	  328.77	   0.000		     NaN	     NaN	     NaN	
     163	  13.716	0.029788	  1.6025	 -0.0922	  1.5639	-0.351023	     NaN	     NaN	5.012E+5	   0.044	  140.11	   15.28	  331.35	   0.000		     NaN	     NaN	     NaN	
     164	  14.209	0.031623	  1.6205	 -0.0921	  1.5787	-0.367116	     NaN	     NaN	5.009E+5	   0.044	  139.96	   15.27	  328.86	   0.000		     NaN	     NaN	     NaN	
     165	  14.722	0.034525	  1.6300	 -0.0920	  1.5853	-0.380831	     NaN	     NaN	5.004E+5	   0.044	  139.69	   15.25	  331.26	   0.000		     NaN	     NaN	     NaN	
     166	  15.222	0.032644	  1.6094	 -0.0921	  1.5615	-0.391062	     NaN	     NaN	4.976E+5	   0.044	  138.10	   15.17	  328.77	   0.000		     NaN	     NaN	     NaN	
     167	  15.719	0.033452	  1.6103	 -0.0921	  1.5591	-0.404056	     NaN	     NaN	4.961E+5	   0.044	  137.26	   15.12	  331.16	   0.000		     NaN	     NaN	     NaN	
     168	  16.216	0.032420	  1.6093	 -0.0921	  1.5544	-0.418287	     NaN	     NaN	4.952E+5	   0.044	  136.74	   15.09	  328.75	   0.000		     NaN	     NaN	     NaN	
     169	  16.712	0.078130	  1.5747	 -0.0915	  1.5306	-0.377985	     NaN	     NaN	4.985E+5	   0.044	  138.58	   15.19	  331.30	   0.000		     NaN	     NaN	     NaN	
     170	  17.214	0.105190	  1.5561	 -0.0911	  1.5176	-0.360048	     NaN	     NaN	4.983E+5	   0.044	  138.47	   15.19	  328.99	   0.000		     NaN	     NaN	     NaN	
     171	  17.708	0.131308	  1.5344	 -0.0908	  1.5017	-0.341641	     NaN	     NaN	4.980E+5	   0.044	  138.26	   15.18	  331.25	   0.000		     NaN	     NaN	     NaN	
     172	  18.207	0.157522	  1.5176	 -0.0904	  1.4909	-0.324549	     NaN	     NaN	4.977E+5	   0.044	  138.11	   15.17	  328.86	   0.000		     NaN	     NaN	     NaN	
     173	  18.695	0.165421	  1.5064	 -0.0903	  1.4800	-0.326162	     NaN	     NaN	4.970E+5	   0.044	  137.68	   15.14	  331.18	   0.000		     NaN	     NaN	     NaN	
     174	  19.205	0.179060	  1.4957	 -0.0901	  1.4713	-0.322914	     NaN	     NaN	4.962E+5	   0.044	  137.26	   15.12	  328.63	   0.000		     NaN	     NaN	     NaN	
     175	  19.703	0.186901	  1.4839	 -0.0900	  1.4601	-0.324354	     NaN	     NaN	4.955E+5	   0.044	  136.82	   15.10	  331.32	   0.000		     NaN	     NaN	     NaN	
     176	  20.200	0.000304	  1.4871	 -0.0931	  1.3957	-0.513206	     NaN	     NaN	4.953E+5	   0.044	  136.74	   15.09	  260.00	   0.000		     NaN	     NaN	     NaN	
     177	  20.691	0.000000	  1.4721	 -0.0931	  1.3772	-0.520131	     NaN	     NaN	4.935E+5	   0.044	  135.72	   15.03	  260.00	   0.000		     NaN	     NaN	     NaN	
     178	  21.182	0.000000	  1.4614	 -0.0932	  1.3627	-0.528052	     NaN	     NaN	4.927E+5	   0.043	  135.29	   15.01	  260.00	   0.000		     NaN	     NaN	     NaN	
     179	  21.691	0.000000	  1.4472	 -0.0932	  1.3447	-0.534883	     NaN	     NaN	5.070E+5	   0.045	  143.29	   15.45	  260.00	   0.000		     NaN	     NaN	     NaN	
     180	  22.170	0.000000	  1.3881	 -0.0935	  1.2855	-0.523811	     NaN	     NaN	5.024E+5	   0.044	  140.66	   15.30	  260.00	   0.000		     NaN	     NaN	     NaN	
     181	  22.673	0.000000	  1.3809	 -0.0935	  1.2742	-0.532284	     NaN	     NaN	4.996E+5	   0.044	  139.10	   15.22	  260.00	   0.000		     NaN	     NaN	     NaN	
     182	  23.178	0.000000	  1.3862	 -0.0935	  1.2743	-0.545595	     NaN	     NaN	4.979E+5	   0.044	  138.15	   15.17	  260.00	   0.000		     NaN	     NaN	     NaN	
     183	  23.673	0.000000	  1.3758	 -0.0935	  1.2601	-0.552416	     NaN	     NaN	4.962E+5	   0.044	  137.22	   15.12	  260.00	   0.000		     NaN	     NaN	     NaN	
     184	  24.170	0.000065	  1.3761	 -0.0935	  1.2555	-0.563391	     NaN	     NaN	4.943E+5	   0.044	  136.20	   15.06	  260.00	   0.000		     NaN	     NaN	     NaN	
     185	  24.675	0.000000	  1.3859	 -0.0934	  1.2593	-0.578563	     NaN	     NaN	5.040E+5	   0.044	  141.59	   15.35	  260.00	   0.000		     NaN	     NaN	     NaN	
     186	  25.169	0.000000	  1.3648	 -0.0935	  1.2352	-0.580415	     NaN	     NaN	5.041E+5	   0.044	  141.63	   15.36	  260.00	   0.000		     NaN	     NaN	     NaN	
