   Runnr	   Alpha	      Cd	      Cl	      Cm	      Cn	      Ct	Cd-press	Cl-press	      Re	       M	       Q	       V	  Z_w.r.	    Flap	 Cn-corr	 Ct-corr	 Cm-corr
       /	 degrees	       /	       /	       /	       /	       /	       /	       /	       /	       /	      Pa	     m/s	      mm	 degrees	       /	       /	       /
      50	 -10.106	0.141305	 -0.2231	 -0.0986	 -0.2445	0.099958	     NaN	     NaN	1.010E+6	   0.089	  568.01	   30.76	  328.65	   0.000		     NaN	     NaN	     NaN	
      51	  -9.105	0.125965	 -0.2050	 -0.0988	 -0.2224	0.091934	     NaN	     NaN	1.011E+6	   0.089	  570.25	   30.82	  331.46	   0.000		     NaN	     NaN	     NaN	
      52	  -8.106	0.116476	 -0.1900	 -0.0989	 -0.2045	0.088526	     NaN	     NaN	1.013E+6	   0.089	  572.25	   30.88	  328.79	   0.000		     NaN	     NaN	     NaN	
      53	  -7.106	0.107012	 -0.1780	 -0.0990	 -0.1899	0.084169	     NaN	     NaN	1.015E+6	   0.090	  574.22	   30.93	  331.21	   0.000		     NaN	     NaN	     NaN	
      54	  -6.088	0.097462	 -0.1615	 -0.0991	 -0.1709	0.079791	     NaN	     NaN	9.996E+5	   0.088	  557.49	   30.48	  328.58	   0.000		     NaN	     NaN	     NaN	
      55	  -5.094	0.087753	 -0.1403	 -0.0991	 -0.1475	0.074954	     NaN	     NaN	1.001E+6	   0.088	  559.20	   30.52	  331.44	   0.000		     NaN	     NaN	     NaN	
      56	  -4.084	0.083315	 -0.1078	 -0.0991	 -0.1135	0.075425	     NaN	     NaN	1.003E+6	   0.089	  561.01	   30.57	  328.58	   0.000		     NaN	     NaN	     NaN	
      57	  -3.080	0.078259	 -0.0524	 -0.0989	 -0.0565	0.075332	     NaN	     NaN	1.004E+6	   0.089	  562.77	   30.62	  331.25	   0.000		     NaN	     NaN	     NaN	
      58	  -2.065	0.065802	  0.0456	 -0.0987	  0.0432	0.067402	     NaN	     NaN	1.005E+6	   0.089	  563.45	   30.64	  328.59	   0.000		     NaN	     NaN	     NaN	
      59	  -1.039	0.056775	  0.1736	 -0.0982	  0.1726	0.059914	     NaN	     NaN	1.006E+6	   0.089	  564.77	   30.68	  331.23	   0.000		     NaN	     NaN	     NaN	
      60	  -0.013	0.047862	  0.2981	 -0.0978	  0.2981	0.047927	     NaN	     NaN	1.007E+6	   0.089	  565.93	   30.71	  328.58	   0.000		     NaN	     NaN	     NaN	
      61	   1.011	0.040553	  0.4292	 -0.0973	  0.4299	0.032975	     NaN	     NaN	1.007E+6	   0.089	  566.68	   30.73	  331.39	   0.000		     NaN	     NaN	     NaN	
      62	   2.031	0.036846	  0.5590	 -0.0968	  0.5600	0.017009	     NaN	     NaN	1.007E+6	   0.089	  567.00	   30.74	  328.65	   0.000		     NaN	     NaN	     NaN	
      63	   3.050	0.032082	  0.6822	 -0.0963	  0.6829	-0.004261	     NaN	     NaN	1.007E+6	   0.089	  566.71	   30.73	  331.20	   0.000		     NaN	     NaN	     NaN	
      64	   4.079	0.029564	  0.8010	 -0.0958	  0.8011	-0.027483	     NaN	     NaN	1.007E+6	   0.089	  566.69	   30.73	  328.59	   0.000		     NaN	     NaN	     NaN	
      65	   5.098	0.025804	  0.9087	 -0.0954	  0.9074	-0.055052	     NaN	     NaN	1.007E+6	   0.089	  566.29	   30.72	  331.36	   0.000		     NaN	     NaN	     NaN	
      66	   6.117	0.024499	  1.0105	 -0.0950	  1.0074	-0.083321	     NaN	     NaN	1.006E+6	   0.089	  565.99	   30.72	  328.70	   0.000		     NaN	     NaN	     NaN	
      67	   7.128	0.022670	  1.1098	 -0.0946	  1.1040	-0.115218	     NaN	     NaN	1.005E+6	   0.089	  564.96	   30.69	  331.44	   0.000		     NaN	     NaN	     NaN	
      68	   8.149	0.020757	  1.2040	 -0.0942	  1.1948	-0.150121	     NaN	     NaN	1.005E+6	   0.089	  564.39	   30.67	  328.67	   0.000		     NaN	     NaN	     NaN	
      69	   9.158	0.019379	  1.2912	 -0.0938	  1.2778	-0.186369	     NaN	     NaN	1.004E+6	   0.089	  563.54	   30.65	  331.42	   0.000		     NaN	     NaN	     NaN	
      70	  10.177	0.020572	  1.3755	 -0.0934	  1.3575	-0.222787	     NaN	     NaN	1.003E+6	   0.089	  562.92	   30.63	  328.56	   0.000		     NaN	     NaN	     NaN	
      71	  11.195	0.022143	  1.4506	 -0.0930	  1.4273	-0.259911	     NaN	     NaN	1.003E+6	   0.089	  562.07	   30.61	  331.18	   0.000		     NaN	     NaN	     NaN	
      72	  12.201	0.022785	  1.5218	 -0.0927	  1.4923	-0.299349	     NaN	     NaN	1.002E+6	   0.089	  561.04	   30.58	  328.81	   0.000		     NaN	     NaN	     NaN	
      73	  12.713	0.023804	  1.5501	 -0.0925	  1.5173	-0.317917	     NaN	     NaN	1.001E+6	   0.088	  560.49	   30.57	  331.32	   0.000		     NaN	     NaN	     NaN	
      74	  13.212	0.025048	  1.5780	 -0.0924	  1.5420	-0.336273	     NaN	     NaN	1.000E+6	   0.088	  559.86	   30.55	  328.70	   0.000		     NaN	     NaN	     NaN	
      75	  13.718	0.026798	  1.5988	 -0.0922	  1.5596	-0.353127	     NaN	     NaN	1.000E+6	   0.088	  559.42	   30.54	  331.23	   0.000		     NaN	     NaN	     NaN	
      76	  14.220	0.030000	  1.6178	 -0.0921	  1.5756	-0.368305	     NaN	     NaN	9.996E+5	   0.088	  558.94	   30.53	  328.65	   0.000		     NaN	     NaN	     NaN	
      77	  14.714	0.034193	  1.6246	 -0.0920	  1.5800	-0.379567	     NaN	     NaN	9.990E+5	   0.088	  558.33	   30.51	  330.95	   0.000		     NaN	     NaN	     NaN	
      78	  15.211	0.095135	  1.5258	 -0.0914	  1.4973	-0.308517	     NaN	     NaN	9.975E+5	   0.088	  556.64	   30.47	  328.57	   0.000		     NaN	     NaN	     NaN	
      79	  15.706	0.127576	  1.4889	 -0.0910	  1.4679	-0.280250	     NaN	     NaN	9.959E+5	   0.088	  554.91	   30.42	  331.34	   0.000		     NaN	     NaN	     NaN	Wake not in center of rake!; 
      80	  16.197	0.162235	  1.4664	 -0.0905	  1.4535	-0.253238	     NaN	     NaN	9.957E+5	   0.088	  554.61	   30.42	  328.82	   0.000		     NaN	     NaN	     NaN	Wake not in center of rake!; 
      81	  16.688	0.175820	  1.4543	 -0.0903	  1.4436	-0.249224	     NaN	     NaN	9.942E+5	   0.088	  552.89	   30.37	  331.36	   0.000		     NaN	     NaN	     NaN	Wake not in center of rake!; 
      82	  17.195	0.186876	  1.4454	 -0.0902	  1.4360	-0.248768	     NaN	     NaN	9.935E+5	   0.088	  552.15	   30.35	  328.78	   0.000		     NaN	     NaN	     NaN	Wake not in center of rake!; 
      83	  17.693	0.205999	  1.4276	 -0.0899	  1.4227	-0.237630	     NaN	     NaN	1.008E+6	   0.089	  568.70	   30.80	  331.19	   0.000		     NaN	     NaN	     NaN	Wake not in center of rake!; 
      84	  18.191	0.223236	  1.4085	 -0.0897	  1.4078	-0.227631	     NaN	     NaN	1.007E+6	   0.089	  567.45	   30.77	  328.70	   0.000		     NaN	     NaN	     NaN	Wake not in center of rake!; 
      85	  18.675	0.012654	  1.4078	 -0.0932	  1.3377	-0.438784	     NaN	     NaN	9.872E+5	   0.087	  545.46	   30.16	  260.00	   0.000		     NaN	     NaN	     NaN	
      86	  19.184	0.009408	  1.3979	 -0.0933	  1.3234	-0.450492	     NaN	     NaN	9.850E+5	   0.087	  543.04	   30.09	  260.00	   0.000		     NaN	     NaN	     NaN	
      87	  19.678	0.006863	  1.3812	 -0.0934	  1.3028	-0.458638	     NaN	     NaN	1.001E+6	   0.089	  560.81	   30.58	  260.00	   0.000		     NaN	     NaN	     NaN	
      88	  20.170	0.005587	  1.3715	 -0.0935	  1.2893	-0.467653	     NaN	     NaN	9.985E+5	   0.088	  558.16	   30.51	  260.00	   0.000		     NaN	     NaN	     NaN	
      89	  20.675	0.004160	  1.3586	 -0.0935	  1.2726	-0.475797	     NaN	     NaN	9.960E+5	   0.088	  555.45	   30.44	  260.00	   0.000		     NaN	     NaN	     NaN	
      90	  21.170	0.001961	  1.3457	 -0.0936	  1.2556	-0.484148	     NaN	     NaN	9.927E+5	   0.088	  551.79	   30.34	  260.00	   0.000		     NaN	     NaN	     NaN	
      91	  21.666	0.002276	  1.3455	 -0.0936	  1.2513	-0.494654	     NaN	     NaN	9.891E+5	   0.087	  547.75	   30.23	  260.00	   0.000		     NaN	     NaN	     NaN	
      92	  22.159	0.000359	  1.3244	 -0.0937	  1.2267	-0.499193	     NaN	     NaN	9.965E+5	   0.088	  556.02	   30.45	  260.00	   0.000		     NaN	     NaN	     NaN	
      93	  22.664	0.000360	  1.3254	 -0.0937	  1.2232	-0.510361	     NaN	     NaN	9.919E+5	   0.088	  550.91	   30.31	  260.00	   0.000		     NaN	     NaN	     NaN	
