   Runnr	   Alpha	      Cd	      Cl	      Cm	      Cn	      Ct	Cd-press	Cl-press	      Re	       M	       Q	       V	  Z_w.r.	    Flap	 Cn-corr	 Ct-corr	 Cm-corr
       /	 degrees	       /	       /	       /	       /	       /	       /	       /	       /	       /	      Pa	     m/s	      mm	 degrees	       /	       /	       /
      51	 -10.053	0.144174	 -0.2865	 -0.0014	 -0.3072	0.091959	     NaN	     NaN	1.006E+6	   0.085	  524.25	   29.55	   81.70	   0.000		     NaN	     NaN	     NaN	
      52	  -9.052	0.128858	 -0.2672	 -0.0013	 -0.2842	0.085211	     NaN	     NaN	1.008E+6	   0.086	  526.66	   29.61	   78.17	   0.000		     NaN	     NaN	     NaN	
      53	  -8.048	0.115196	 -0.2539	 -0.0012	 -0.2675	0.078517	     NaN	     NaN	1.010E+6	   0.086	  528.58	   29.67	   81.73	   0.000		     NaN	     NaN	     NaN	
      54	  -7.048	0.105811	 -0.2399	 -0.0012	 -0.2511	0.075572	     NaN	     NaN	1.012E+6	   0.086	  530.61	   29.73	   78.22	   0.000		     NaN	     NaN	     NaN	
      55	  -6.040	0.096408	 -0.2225	 -0.0011	 -0.2315	0.072454	     NaN	     NaN	1.014E+6	   0.086	  532.79	   29.79	   81.86	   0.000		     NaN	     NaN	     NaN	
      56	  -5.031	0.085292	 -0.2011	 -0.0010	 -0.2078	0.067326	     NaN	     NaN	9.905E+5	   0.084	  508.73	   29.11	   78.20	   0.000		     NaN	     NaN	     NaN	
      57	  -4.037	0.074971	 -0.1718	 -0.0008	 -0.1766	0.062692	     NaN	     NaN	9.924E+5	   0.084	  510.79	   29.17	   81.79	   0.000		     NaN	     NaN	     NaN	
      58	  -3.027	0.066858	 -0.1276	 -0.0006	 -0.1310	0.060026	     NaN	     NaN	9.941E+5	   0.085	  512.61	   29.22	   78.23	   0.000		     NaN	     NaN	     NaN	
      59	  -2.005	0.058145	 -0.0542	 -0.0003	 -0.0562	0.056215	     NaN	     NaN	9.959E+5	   0.085	  514.48	   29.27	   81.60	   0.000		     NaN	     NaN	     NaN	
      60	  -0.983	0.049798	  0.0560	  0.0003	  0.0551	0.050751	     NaN	     NaN	9.973E+5	   0.085	  516.03	   29.32	   78.36	   0.000		     NaN	     NaN	     NaN	
      61	   0.036	0.042081	  0.1902	  0.0009	  0.1902	0.041961	     NaN	     NaN	9.984E+5	   0.085	  517.13	   29.35	   81.71	   0.000		     NaN	     NaN	     NaN	
      62	   1.065	0.035989	  0.3389	  0.0016	  0.3395	0.029683	     NaN	     NaN	9.992E+5	   0.085	  518.10	   29.38	   78.27	   0.000		     NaN	     NaN	     NaN	
      63	   2.092	0.031287	  0.4772	  0.0023	  0.4781	0.013843	     NaN	     NaN	9.996E+5	   0.085	  518.54	   29.39	   81.81	   0.000		     NaN	     NaN	     NaN	
      64	   3.121	0.026816	  0.6069	  0.0029	  0.6074	-0.006265	     NaN	     NaN	9.997E+5	   0.085	  518.71	   29.40	   78.16	   0.000		     NaN	     NaN	     NaN	
      65	   4.134	0.024156	  0.7256	  0.0035	  0.7255	-0.028212	     NaN	     NaN	9.997E+5	   0.085	  518.75	   29.40	   81.68	   0.000		     NaN	     NaN	     NaN	
      66	   5.156	0.023032	  0.8366	  0.0040	  0.8353	-0.052245	     NaN	     NaN	9.996E+5	   0.085	  518.72	   29.40	   78.20	   0.000		     NaN	     NaN	     NaN	
      67	   6.184	0.021655	  0.9450	  0.0045	  0.9418	-0.080268	     NaN	     NaN	9.991E+5	   0.085	  518.15	   29.38	   81.78	   0.000		     NaN	     NaN	     NaN	
      68	   7.204	0.021288	  1.0472	  0.0050	  1.0416	-0.110211	     NaN	     NaN	9.987E+5	   0.085	  517.77	   29.37	   78.28	   0.000		     NaN	     NaN	     NaN	
      69	   8.226	0.020809	  1.1412	  0.0054	  1.1325	-0.142699	     NaN	     NaN	9.978E+5	   0.085	  516.98	   29.35	   81.74	   0.000		     NaN	     NaN	     NaN	
      70	   9.234	0.021291	  1.2334	  0.0059	  1.2208	-0.176899	     NaN	     NaN	9.972E+5	   0.085	  516.38	   29.33	   78.37	   0.000		     NaN	     NaN	     NaN	
      71	  10.259	0.021811	  1.3214	  0.0063	  1.3042	-0.213875	     NaN	     NaN	9.964E+5	   0.085	  515.55	   29.31	   81.74	   0.000		     NaN	     NaN	     NaN	
      72	  11.265	0.022991	  1.4053	  0.0067	  1.3827	-0.251972	     NaN	     NaN	9.957E+5	   0.085	  514.90	   29.29	   78.29	   0.000		     NaN	     NaN	     NaN	
      73	  11.469	0.022994	  1.4206	  0.0068	  1.3968	-0.259937	     NaN	     NaN	9.954E+5	   0.085	  514.65	   29.28	   81.64	   0.000		     NaN	     NaN	     NaN	
      74	  11.670	0.023518	  1.4365	  0.0069	  1.4116	-0.267551	     NaN	     NaN	9.953E+5	   0.085	  514.53	   29.28	   78.34	   0.000		     NaN	     NaN	     NaN	
      75	  11.882	0.023554	  1.4530	  0.0069	  1.4267	-0.276129	     NaN	     NaN	9.952E+5	   0.085	  514.43	   29.28	   81.65	   0.000		     NaN	     NaN	     NaN	
      76	  12.076	0.024197	  1.4686	  0.0070	  1.4412	-0.283589	     NaN	     NaN	9.950E+5	   0.085	  514.27	   29.27	   78.21	   0.000		     NaN	     NaN	     NaN	
      77	  12.288	0.024488	  1.4828	  0.0071	  1.4540	-0.291642	     NaN	     NaN	9.949E+5	   0.085	  514.23	   29.27	   81.73	   0.000		     NaN	     NaN	     NaN	
      78	  12.481	0.024865	  1.4988	  0.0072	  1.4688	-0.299654	     NaN	     NaN	9.947E+5	   0.085	  514.07	   29.27	   78.31	   0.000		     NaN	     NaN	     NaN	
      79	  12.686	0.025168	  1.5118	  0.0072	  1.4804	-0.307437	     NaN	     NaN	9.945E+5	   0.085	  513.81	   29.26	   81.78	   0.000		     NaN	     NaN	     NaN	
      80	  12.890	0.025735	  1.5271	  0.0073	  1.4943	-0.315578	     NaN	     NaN	9.942E+5	   0.085	  513.58	   29.26	   78.18	   0.000		     NaN	     NaN	     NaN	
      81	  13.095	0.026178	  1.5422	  0.0074	  1.5080	-0.323897	     NaN	     NaN	9.941E+5	   0.085	  513.50	   29.25	   81.73	   0.000		     NaN	     NaN	     NaN	
      82	  13.302	0.026710	  1.5560	  0.0074	  1.5203	-0.332017	     NaN	     NaN	9.935E+5	   0.085	  512.96	   29.24	   78.15	   0.000		     NaN	     NaN	     NaN	
      83	  13.492	0.027264	  1.5702	  0.0075	  1.5332	-0.339840	     NaN	     NaN	9.935E+5	   0.085	  513.03	   29.24	   81.76	   0.000		     NaN	     NaN	     NaN	
      84	  13.697	0.028013	  1.5827	  0.0076	  1.5443	-0.347526	     NaN	     NaN	9.933E+5	   0.085	  512.78	   29.23	   78.31	   0.000		     NaN	     NaN	     NaN	
      85	  13.904	0.028530	  1.5968	  0.0076	  1.5568	-0.356008	     NaN	     NaN	9.930E+5	   0.085	  512.53	   29.23	   81.62	   0.000		     NaN	     NaN	     NaN	
      86	  14.101	0.029356	  1.6092	  0.0077	  1.5679	-0.363590	     NaN	     NaN	9.928E+5	   0.084	  512.36	   29.22	   78.15	   0.000		     NaN	     NaN	     NaN	
      87	  14.309	0.030233	  1.6218	  0.0078	  1.5789	-0.371516	     NaN	     NaN	9.926E+5	   0.084	  512.11	   29.22	   81.71	   0.000		     NaN	     NaN	     NaN	
      88	  14.509	0.030809	  1.6352	  0.0078	  1.5907	-0.379845	     NaN	     NaN	9.922E+5	   0.084	  511.80	   29.21	   78.22	   0.000		     NaN	     NaN	     NaN	
      89	  14.717	0.031862	  1.6469	  0.0079	  1.6009	-0.387553	     NaN	     NaN	9.919E+5	   0.084	  511.49	   29.20	   81.78	   0.000		     NaN	     NaN	     NaN	
      90	  14.918	0.032675	  1.6571	  0.0079	  1.6097	-0.395012	     NaN	     NaN	9.918E+5	   0.084	  511.41	   29.20	   78.14	   0.000		     NaN	     NaN	     NaN	
      91	  15.117	0.034105	  1.6686	  0.0080	  1.6198	-0.402243	     NaN	     NaN	9.916E+5	   0.084	  511.27	   29.19	   81.81	   0.000		     NaN	     NaN	     NaN	
      92	  15.320	0.035079	  1.6773	  0.0080	  1.6270	-0.409337	     NaN	     NaN	9.914E+5	   0.084	  511.06	   29.19	   78.32	   0.000		     NaN	     NaN	     NaN	
      93	  16.311	0.014825	  1.6294	  0.0078	  1.5680	-0.443398	     NaN	     NaN	1.026E+6	   0.087	  547.79	   30.22	  120.00	   0.000		     NaN	     NaN	     NaN	
      94	  17.267	0.067307	  1.4151	  0.0068	  1.3713	-0.355761	     NaN	     NaN	1.009E+6	   0.086	  529.26	   29.71	  120.00	   0.000		     NaN	     NaN	     NaN	
      95	  18.279	0.078683	  1.4191	  0.0069	  1.3721	-0.370386	     NaN	     NaN	1.006E+6	   0.086	  526.54	   29.63	  120.00	   0.000		     NaN	     NaN	     NaN	
      96	  19.291	0.082929	  1.4364	  0.0069	  1.3831	-0.396256	     NaN	     NaN	1.002E+6	   0.085	  522.34	   29.51	  120.00	   0.000		     NaN	     NaN	     NaN	
      97	  20.278	0.089578	  1.4383	  0.0070	  1.3802	-0.414465	     NaN	     NaN	9.984E+5	   0.085	  518.53	   29.41	  120.00	   0.000		     NaN	     NaN	     NaN	
      98	  21.276	0.090326	  1.4388	  0.0070	  1.3735	-0.437903	     NaN	     NaN	9.940E+5	   0.085	  514.01	   29.28	  120.00	   0.000		     NaN	     NaN	     NaN	
      99	  22.266	0.086373	  1.4206	  0.0069	  1.3474	-0.458342	     NaN	     NaN	9.893E+5	   0.084	  509.19	   29.14	  120.00	   0.000		     NaN	     NaN	     NaN	
     100	  23.274	0.075606	  1.3863	  0.0067	  1.3033	-0.478292	     NaN	     NaN	9.843E+5	   0.084	  504.16	   29.00	  120.00	   0.000		     NaN	     NaN	     NaN	
